Gene_set,Term,P-value,Adjusted P-value,Old P-value,Old adjusted P-value,Odds Ratio,Combined Score,Genes
KEGG_2021_Human,Linoleic acid metabolism,0.07133917868027013,0.9998018471260467,0,0,5.251183039939428,13.864749054039192,ALOX15;PLB1
KEGG_2021_Human,Pentose phosphate pathway,0.07953383233557437,0.9998018471260467,0,0,3.2247905677939808,8.16379203513703,GPI;IDNK;RBKS
KEGG_2021_Human,Spliceosome,0.08668905898295509,0.9998018471260467,0,0,1.749886941775014,4.279221819268773,U2AF1L5;SF3B2;SF3A2;PHF5A;PUF60;DHX16;SNRPC;SNRPA;PQBP1
KEGG_2021_Human,Intestinal immune network for IgA production,0.09027246713752225,0.9998018471260467,0,0,2.490688259109312,5.989912905805133,HLA-DRB5;TNFSF13;MADCAM1;HLA-DQA2
KEGG_2021_Human,RNA polymerase,0.11241124990884874,0.9998018471260467,0,0,2.7278813336833814,5.962033596780047,POLR3C;POLR3D;POLR2E
KEGG_2021_Human,Cytosolic DNA-sensing pathway,0.116329828972003,0.9998018471260467,0,0,2.252828652828653,4.846568334763414,POLR3C;TREX1;POLR3D;POLR2E
KEGG_2021_Human,Allograft rejection,0.1398870655785406,0.9998018471260467,0,0,2.4451571142756268,4.8094280799610996,HLA-DRB5;HLA-DQA2;HLA-G
KEGG_2021_Human,Autoimmune thyroid disease,0.1398870655785406,0.9998018471260467,0,0,2.4451571142756268,4.8094280799610996,HLA-DRB5;HLA-G;HLA-DQA2
KEGG_2021_Human,Base excision repair,0.1495046067917337,0.9998018471260467,0,0,2.363481228668942,4.491626074526517,POLD4;XRCC1;MUTYH
KEGG_2021_Human,Graft-versus-host disease,0.1898777536515316,0.9998018471260467,0,0,2.0848223248343705,3.463671305746239,HLA-DRB5;HLA-DQA2;HLA-G
KEGG_2021_Human,Type I diabetes mellitus,0.1898777536515316,0.9998018471260467,0,0,2.0848223248343705,3.463671305746239,HLA-DRB5;HLA-DQA2;HLA-G
KEGG_2021_Human,Oxidative phosphorylation,0.19028417019944455,0.9998018471260467,0,0,1.594734711970243,2.6460423473695505,NDUFB9;NDUFB6;CYC1;ATP6V0C;UQCRHL;LHPP
KEGG_2021_Human,Asthma,0.1947746149076531,0.9998018471260467,0,0,2.6238879424569372,4.2924503224248465,HLA-DRB5;HLA-DQA2
KEGG_2021_Human,Arachidonic acid metabolism,0.20037459171335806,0.9998018471260467,0,0,2.025109702584105,3.255498933197776,ALOX15;ALOX15B;PLB1
KEGG_2021_Human,Drug metabolism,0.22742315100691712,0.9998018471260467,0,0,1.687912087912088,2.4997014147028853,GSTM2;GSTM1;NME2;CES1
KEGG_2021_Human,Mismatch repair,0.24023575681107898,0.9998018471260467,0,0,2.24856007138801,3.2067491330511624,POLD4;PMS2
KEGG_2021_Human,Proteasome,0.2656864593567146,0.9998018471260467,0,0,1.728002996753517,2.2903615093534455,PSMA6;PSMF1;PSMB10
KEGG_2021_Human,Sulfur relay system,0.2829124076860888,0.9998018471260467,0,0,3.370505344995141,4.255660524640706,URM1
KEGG_2021_Human,Antigen processing and presentation,0.290495527884729,0.9998018471260467,0,0,1.499606566273233,1.853764296202218,HLA-DRB5;KLRC3;HLA-G;HLA-DQA2
KEGG_2021_Human,Cell adhesion molecules,0.29813264840298653,0.9998018471260467,0,0,1.3501592746875766,1.6339853864717273,HLA-DRB5;ICAM2;MADCAM1;L1CAM;HLA-G;HLA-DQA2
KEGG_2021_Human,Nicotine addiction,0.3121195139160275,0.9998018471260467,0,0,2.9489795918367347,3.433700734194963,CHRNA7
KEGG_2021_Human,Synthesis and degradation of ketone bodies,0.3121195139160275,0.9998018471260467,0,0,2.9489795918367347,3.433700734194963,OXCT2
KEGG_2021_Human,Mucin type O-glycan biosynthesis,0.31657909413718577,0.9998018471260467,0,0,1.8154894509238633,2.0881435892519025,GALNT4;POC1B-GALNT4
KEGG_2021_Human,Synaptic vesicle cycle,0.33305964992689363,0.9998018471260467,0,0,1.5067533221988236,1.6565753440518238,NAPA;RAB3A;ATP6V0C
KEGG_2021_Human,Ribosome biogenesis in eukaryotes,0.3368818802749723,0.9998018471260467,0,0,1.388838612368024,1.5110882336955398,RRP7A;NHP2;PWP2;GNL2
KEGG_2021_Human,Thiamine metabolism,0.34013894519012927,0.9998018471260467,0,0,2.6211262282690853,2.8266253620071953,THTPA
KEGG_2021_Human,Peroxisome,0.3648819493274153,0.9998018471260467,0,0,1.3298663777537016,1.3407465521400588,PEX16;PEX11G;PEX14;DHRS4
KEGG_2021_Human,Staphylococcus aureus infection,0.36678355247144984,0.9998018471260467,0,0,1.4160409556313993,1.4202655441745506,HLA-DRB5;KRT18;HLA-DQA2
KEGG_2021_Human,Non-homologous end-joining,0.3670189181194867,0.9998018471260467,0,0,2.358843537414966,2.3643676759354775,NHEJ1
KEGG_2021_Human,Viral myocarditis,0.3779682743287372,0.9998018471260467,0,0,1.388175065247942,1.3506180127789056,HLA-DRB5;HLA-G;HLA-DQA2
KEGG_2021_Human,Glycerophospholipid metabolism,0.38352650908695707,0.9998018471260467,0,0,1.2932443507785973,1.239376244388212,PNPLA7;MBOAT1;PEMT;PLB1
KEGG_2021_Human,Nitrogen metabolism,0.39280569490110995,0.9998018471260467,0,0,2.1442486085343226,2.003672108013586,CA8
KEGG_2021_Human,Parkinson disease,0.39849476490198266,0.9998018471260467,0,0,1.142436040044494,1.0511107515848122,PSMA6;NDUFB9;ADORA2A;NDUFB6;TUBB3;UBE2L6;CYC1;TUBB4A;UQCRHL
KEGG_2021_Human,Herpes simplex virus 1 infection,0.40541316619494777,0.9998018471260467,0,0,1.0815261044176707,0.976454295108714,HLA-DRB5;ZNF582;ZNF460;ZNF490;ZNF20;ZNF79;HLA-G;ZNF718;ZNF749;TLR9;ZNF547;ZNF888;ZNF425;ZNF699;ZNF610;HLA-DQA2;ZNF763;ZNF564;ZNF596
KEGG_2021_Human,Phagosome,0.40721008468939285,0.9998018471260467,0,0,1.1801029159519725,1.0602351991487475,HLA-DRB5;TUBB3;HLA-G;HLA-DQA2;ATP6V0C;TUBB4A
KEGG_2021_Human,Hematopoietic cell lineage,0.4113590622845939,0.9998018471260467,0,0,1.2419253261358525,1.1031883762921602,HLA-DRB5;FLT3LG;CD3E;HLA-DQA2
KEGG_2021_Human,alpha-Linolenic acid metabolism,0.4175436627342231,0.9998018471260467,0,0,1.965419501133787,1.7165308800574928,PLB1
KEGG_2021_Human,Cholesterol metabolism,0.41986600332074714,0.9998018471260467,0,0,1.429662898146714,1.2406895677842154,LRPAP1;LIPC
KEGG_2021_Human,Metabolism of xenobiotics by cytochrome P450,0.41986600332074714,0.9998018471260467,0,0,1.429662898146714,1.2406895677842154,GSTM2;GSTM1
KEGG_2021_Human,Rheumatoid arthritis,0.4389194944155397,0.9998018471260467,0,0,1.1945039489343288,0.9836014558322721,HLA-DRB5;TNFSF13;ATP6V0C;HLA-DQA2
KEGG_2021_Human,Fatty acid biosynthesis,0.44127540947446076,0.9998018471260467,0,0,1.814102564102564,1.4840920684123258,MCAT
KEGG_2021_Human,Selenocompound metabolism,0.44127540947446076,0.9998018471260467,0,0,1.814102564102564,1.4840920684123258,SEPHS2
KEGG_2021_Human,Ferroptosis,0.4617079444065136,0.9998018471260467,0,0,1.310240393715692,1.012583574744798,ALOX15;MAP1LC3B2
KEGG_2021_Human,Other types of O-glycan biosynthesis,0.4617079444065136,0.9998018471260467,0,0,1.310240393715692,1.012583574744798,GALNT4;POC1B-GALNT4
KEGG_2021_Human,Pyruvate metabolism,0.4617079444065136,0.9998018471260467,0,0,1.310240393715692,1.012583574744798,LDHD;ME3
KEGG_2021_Human,Vitamin digestion and absorption,0.4640417965154464,0.9998018471260467,0,0,1.684402332361516,1.2932515211656317,PLB1
KEGG_2021_Human,Arginine biosynthesis,0.48588202851883255,0.9998018471260467,0,0,1.5719954648526078,1.134649701453783,ACY1
KEGG_2021_Human,Other glycan degradation,0.48588202851883255,0.9998018471260467,0,0,1.5719954648526078,1.134649701453783,MAN2B1
KEGG_2021_Human,Basal transcription factors,0.48860183784141653,0.9998018471260467,0,0,1.2411010490451,0.8888857042434718,GTF2F1;GTF2H4
KEGG_2021_Human,Gap junction,0.49673455734828925,0.9998018471260467,0,0,1.1409776505559837,0.7983414749523634,TUBB3;TUBB4A;MAP2K5
KEGG_2021_Human,Bile secretion,0.5017296086500039,0.9998018471260467,0,0,1.2091905822740576,0.8339714079392937,SLC9A3;AQP8
KEGG_2021_Human,RNA degradation,0.5171409947004099,0.9998018471260467,0,0,1.1051621160409557,0.7287878014759497,EDC4;EXOSC5;EXOSC4
KEGG_2021_Human,Folate biosynthesis,0.5269329632555511,0.9998018471260467,0,0,1.3868547418967587,0.8885327906702969,SPR
KEGG_2021_Human,One carbon pool by folate,0.5269329632555511,0.9998018471260467,0,0,1.3868547418967587,0.8885327906702969,ST20-MTHFS
KEGG_2021_Human,Steroid biosynthesis,0.5269329632555511,0.9998018471260467,0,0,1.3868547418967587,0.8885327906702969,CYP51A1
KEGG_2021_Human,Amino sugar and nucleotide sugar metabolism,0.5273234473138166,0.9998018471260467,0,0,1.1500394731374912,0.7359576021801801,GPI;NANS
KEGG_2021_Human,Sphingolipid metabolism,0.5273234473138166,0.9998018471260467,0,0,1.1500394731374912,0.7359576021801801,ACER2;SMPD2
KEGG_2021_Human,Systemic lupus erythematosus,0.5273234473138166,0.9998018471260467,0,0,1.1500394731374912,0.7359576021801801,HLA-DRB5;HLA-DQA2
KEGG_2021_Human,"Valine, leucine and isoleucine degradation",0.5397823443955946,0.9998018471260467,0,0,1.122576458181228,0.692168617516052,BCKDHA;OXCT2
KEGG_2021_Human,Proximal tubule bicarbonate reclamation,0.5462143823992736,0.9998018471260467,0,0,1.3097127739984882,0.7920405993665788,SLC9A3
KEGG_2021_Human,Serotonergic synapse,0.5468929319262132,0.9998018471260467,0,0,1.05544801589323,0.6369652339846984,GNG10;ALOX15;ALOX15B
KEGG_2021_Human,Nucleotide excision repair,0.5520121995509233,0.9998018471260467,0,0,1.0963907927578147,0.6514591082621345,POLD4;GTF2H4
KEGG_2021_Human,Butanoate metabolism,0.5647112005987688,0.9998018471260467,0,0,1.2406910132474043,0.7089814997779207,OXCT2
KEGG_2021_Human,Collecting duct acid secretion,0.5647112005987688,0.9998018471260467,0,0,1.2406910132474043,0.7089814997779207,ATP6V0C
KEGG_2021_Human,Glutathione metabolism,0.5757772250669198,0.9998018471260467,0,0,1.0475108839674427,0.5782621000784992,GSTM2;GSTM1
KEGG_2021_Human,Terpenoid backbone biosynthesis,0.5824552926315186,0.9998018471260467,0,0,1.1785714285714286,0.6370212129304846,RCE1
KEGG_2021_Human,Pyrimidine metabolism,0.5873099334591222,0.9998018471260467,0,0,1.0246648396415081,0.5453292946787217,NME2;DHODH
KEGG_2021_Human,Retrograde endocannabinoid signaling,0.5931166039792899,0.9998018471260467,0,0,0.9715745880694334,0.5075158458666524,NDUFB9;GNG10;NDUFB6;CNR1
KEGG_2021_Human,Ribosome,0.6076857270989741,0.9998018471260467,0,0,0.9497901016349978,0.47308800569257065,RPS10-NUDT3;RPLP0;MRPS18A;MRPL24;MRPL21
KEGG_2021_Human,Glycerolipid metabolism,0.6096731281022826,0.9998018471260467,0,0,0.9818285065303805,0.48584047871698377,LIPC;MBOAT1
KEGG_2021_Human,Protein export,0.615806386379356,0.9998018471260467,0,0,1.071273964131107,0.5193779064618939,OXA1L
KEGG_2021_Human,Retinol metabolism,0.615806386379356,0.9998018471260467,0,0,1.071273964131107,0.5193779064618939,DHRS4
KEGG_2021_Human,Fanconi anemia pathway,0.6205038340670531,0.9998018471260467,0,0,0.9617216562945451,0.45895617038078035,PMS2;ATRIP
KEGG_2021_Human,Amyotrophic lateral sclerosis,0.6289922918799706,0.9998018471260467,0,0,0.9345870860554882,0.4333084770359315,PSMA6;NDUFB9;VCP;NDUFB6;TUBB3;SIGMAR1;CYC1;TUBB4A;SQSTM1;GABARAP;UQCRHL
KEGG_2021_Human,Aminoacyl-tRNA biosynthesis,0.6464977341534,0.9998018471260467,0,0,0.981859410430839,0.4282729218824181,FARSA
KEGG_2021_Human,Complement and coagulation cascades,0.6516013298824678,0.9998018471260467,0,0,0.9060411479491548,0.38807768393104747,PROCR;F10
KEGG_2021_Human,Legionellosis,0.6516013298824678,0.9998018471260467,0,0,0.9060411479491548,0.38807768393104747,VCP;HSF1
KEGG_2021_Human,Salivary secretion,0.6516013298824678,0.9998018471260467,0,0,0.9060411479491548,0.38807768393104747,CST3;PRH1
KEGG_2021_Human,Starch and sucrose metabolism,0.66091285904125,0.9998018471260467,0,0,0.9425170068027211,0.39032765932395846,GPI
KEGG_2021_Human,Pathways of neurodegeneration,0.6610564832684888,0.9998018471260467,0,0,0.9170110209519196,0.3795655259931189,NDUFB9;VCP;NDUFB6;CHRNA7;SIGMAR1;UBE2L6;TUBB4A;GABARAP;UQCRHL;PSMA6;TUBB3;CYC1;WNT1;SQSTM1
KEGG_2021_Human,Th1 and Th2 cell differentiation,0.6704203381656599,0.9998018471260467,0,0,0.8721400581468841,0.348725544927077,HLA-DRB5;CD3E;HLA-DQA2
KEGG_2021_Human,GABAergic synapse,0.6711844771779998,0.9998018471260467,0,0,0.87235787746861,0.34781890070294696,GNG10;GABARAP
KEGG_2021_Human,Necroptosis,0.6739570292760165,0.9998018471260467,0,0,0.8719214941437163,0.34405056495882447,RNF31;TICAM2;ALOX15;SQSTM1
KEGG_2021_Human,PD-L1 expression and PD-1 checkpoint pathway in cancer,0.6858926228893018,0.9998018471260467,0,0,0.8510012747234672,0.3208565762262268,TICAM2;TLR9;CD3E
KEGG_2021_Human,Cardiac muscle contraction,0.6898664045524563,0.9998018471260467,0,0,0.8410805548795327,0.31225730995632517,CYC1;UQCRHL
KEGG_2021_Human,Arrhythmogenic right ventricular cardiomyopathy,0.6988752117897962,0.9998018471260467,0,0,0.8262649810215488,0.2960367594802072,ACTN2;EMD
KEGG_2021_Human,Inflammatory bowel disease,0.6988752117897962,0.9998018471260467,0,0,0.8262649810215488,0.2960367594802072,HLA-DRB5;HLA-DQA2
KEGG_2021_Human,African trypanosomiasis,0.7129384326054425,0.9998018471260467,0,0,0.8122800844475722,0.2748432616405675,TLR9
KEGG_2021_Human,Aldosterone-regulated sodium reabsorption,0.7246482765723363,0.9998018471260467,0,0,0.7851473922902494,0.25287153939034346,SCNN1B
KEGG_2021_Human,Propanoate metabolism,0.7246482765723363,0.9998018471260467,0,0,0.7851473922902494,0.25287153939034346,BCKDHA
KEGG_2021_Human,Taste transduction,0.7246482765723363,0.9998018471260467,0,0,0.7851473922902494,0.25287153939034346,SCNN1B
KEGG_2021_Human,Thermogenesis,0.7268885721329273,0.9998018471260467,0,0,0.8299868832610231,0.2647509457065997,NDUFB9;SMARCB1;NDUFB6;CNR1;CYC1;UQCRHL
KEGG_2021_Human,Primary immunodeficiency,0.735881226216145,0.9998018471260467,0,0,0.7597651964011412,0.23300976742595697,CD3E
KEGG_2021_Human,Lysosome,0.7371958930406742,0.9998018471260467,0,0,0.7974503838910618,0.24314391728849,GNPTG;NAPSA;MAN2B1;ATP6V0C
KEGG_2021_Human,Ether lipid metabolism,0.7466566718503042,0.9998018471260467,0,0,0.735969387755102,0.21501331591937206,PLB1
KEGG_2021_Human,Circadian entrainment,0.7484522859968712,0.9998018471260467,0,0,0.7472485871123009,0.21651365159286032,GNG10;NOS1AP
KEGG_2021_Human,Chemical carcinogenesis,0.7515117851091445,0.9998018471260467,0,0,0.7943817104776009,0.22692974252790968,GSTM2;GSTM1;CHRNA7;WNT1;SULT1A2
KEGG_2021_Human,Fluid shear stress and atherosclerosis,0.7542537004901144,0.9998018471260467,0,0,0.7775093593275412,0.2192782392619357,GSTM2;GSTM1;SQSTM1;MAP2K5
KEGG_2021_Human,Mitophagy,0.7559978881620216,0.9998018471260467,0,0,0.735519591141397,0.2057371100560627,SQSTM1;GABARAP
KEGG_2021_Human,Neuroactive ligand-receptor interaction,0.7597467114130723,0.9998018471260467,0,0,0.7710802858343841,0.21186986562254592,LTB4R2;ADORA2A;CNR1;CHRNA7
KEGG_2021_Human,Alzheimer disease,0.7629101716721034,0.9998018471260467,0,0,0.8268262424286652,0.22375157125139672,PSMA6;NDUFB9;NDUFB6;TUBB3;CHRNA7;APBB1;CYC1;WNT1;TUBB4A;UQCRHL
KEGG_2021_Human,Protein digestion and absorption,0.7633473209559681,0.9998018471260467,0,0,0.7241514873542131,0.19555142230668754,SLC9A3;COL9A3
KEGG_2021_Human,Huntington disease,0.7739013787840487,0.9998018471260467,0,0,0.8029774776762728,0.20581182465970563,PSMA6;NDUFB9;NDUFB6;TUBB3;POLR2E;CYC1;TUBB4A;UQCRHL
KEGG_2021_Human,DNA replication,0.7764202704195214,0.9998018471260467,0,0,0.672740524781341,0.17024460509171147,POLD4
KEGG_2021_Human,Leishmaniasis,0.7774714661056532,0.9998018471260467,0,0,0.7024333189249663,0.17680832125681203,HLA-DRB5;HLA-DQA2
KEGG_2021_Human,Natural killer cell mediated cytotoxicity,0.7791457814444633,0.9998018471260467,0,0,0.7274374582175153,0.1815371908041295,KLRC3;ICAM2;HLA-G
KEGG_2021_Human,Th17 cell differentiation,0.784840544004903,0.9998018471260467,0,0,0.7199623876854496,0.17442867903969392,HLA-DRB5;CD3E;HLA-DQA2
KEGG_2021_Human,Prion disease,0.7853323043987873,0.9998018471260467,0,0,0.7829324169530355,0.18919431346154586,PSMA6;NDUFB9;NDUFB6;TUBB3;CYC1;TUBB4A;UQCRHL
KEGG_2021_Human,Homologous recombination,0.7855443309761607,0.9998018471260467,0,0,0.6540060468631897,0.15786292418614667,POLD4
KEGG_2021_Human,Cysteine and methionine metabolism,0.7942966510625827,0.9998018471260467,0,0,0.6362842434271005,0.1465351614848106,AHCY
KEGG_2021_Human,Glutamatergic synapse,0.79727359589099,0.9998018471260467,0,0,0.6721830128985155,0.15228802021776952,GNG10;DLGAP1
KEGG_2021_Human,Arginine and proline metabolism,0.8107459396632385,0.9998018471260467,0,0,0.6035670678527821,0.12662869792753959,CKMT2
KEGG_2021_Human,Apelin signaling pathway,0.8213775308594438,0.9998018471260467,0,0,0.6716235982447587,0.13215700916554565,BORCS8-MEF2B;GNG10;GABARAP
KEGG_2021_Human,Non-alcoholic fatty liver disease,0.8269536111744914,0.9998018471260467,0,0,0.6910005027652086,0.13129471032272733,NDUFB9;NDUFB6;CYC1;UQCRHL
KEGG_2021_Human,Mineral absorption,0.8329904036566664,0.9998018471260467,0,0,0.5603336572724328,0.10239153822375652,SLC9A3
KEGG_2021_Human,Malaria,0.83980918079265,0.9998018471260467,0,0,0.5472630912830249,0.09554150716303297,TLR9
KEGG_2021_Human,Hepatocellular carcinoma,0.8430285079763402,0.9998018471260467,0,0,0.671062271062271,0.1145869054235264,GSTM2;SMARCB1;GSTM1;WNT1
KEGG_2021_Human,Vibrio cholerae infection,0.8526241917509394,0.9998018471260467,0,0,0.52286470143613,0.08336366618675783,ATP6V0C
KEGG_2021_Human,Alcoholism,0.8571336542548603,0.9998018471260467,0,0,0.5804361999705554,0.08948086682616112,GNG10;ADORA2A
KEGG_2021_Human,Cholinergic synapse,0.8661083961336848,0.9998018471260467,0,0,0.566367685392336,0.08141264159475066,GNG10;CHRNA7
KEGG_2021_Human,Toll-like receptor signaling pathway,0.8661083961336848,0.9998018471260467,0,0,0.566367685392336,0.08141264159475066,TICAM2;TLR9
KEGG_2021_Human,Human immunodeficiency virus 1 infection,0.868097299132004,0.9998018471260467,0,0,0.6628260196579212,0.0937577180362125,GNG10;APOBEC3F;CD3E;HLA-G;APOBEC3B
KEGG_2021_Human,Glycolysis / Gluconeogenesis,0.8699532404387883,0.9998018471260467,0,0,0.49007936507936506,0.06827580635674188,GPI
KEGG_2021_Human,Tuberculosis,0.8714265854648564,0.9998018471260467,0,0,0.6344190344190345,0.08731106749415028,HLA-DRB5;TLR9;HLA-DQA2;ATP6V0C
KEGG_2021_Human,Basal cell carcinoma,0.8803602741594624,0.9998018471260467,0,0,0.4704081632653061,0.059941314651471275,WNT1
KEGG_2021_Human,Diabetic cardiomyopathy,0.9006097380552551,0.9998018471260467,0,0,0.593833171048361,0.06216439124401741,NDUFB9;NDUFB6;CYC1;UQCRHL
KEGG_2021_Human,Morphine addiction,0.9028835276507685,0.9998018471260467,0,0,0.4274891774891775,0.04367302865323713,GNG10
KEGG_2021_Human,PPAR signaling pathway,0.9028835276507685,0.9998018471260467,0,0,0.4274891774891775,0.04367302865323713,ME3
KEGG_2021_Human,Chagas disease,0.9036867984845729,0.9998018471260467,0,0,0.5051015735194446,0.051152869038118845,TLR9;CD3E
KEGG_2021_Human,Insulin secretion,0.9106589548810345,0.9998018471260467,0,0,0.4124298842343955,0.03859799939231393,RAB3A
KEGG_2021_Human,Estrogen signaling pathway,0.9128809359362189,0.9998018471260467,0,0,0.4892106757524134,0.044591463373431645,KRT18;FKBP5
KEGG_2021_Human,Wnt signaling pathway,0.9167650800695036,0.9998018471260467,0,0,0.5331988830282346,0.04633712782176383,FOSL1;INVS;WNT1
KEGG_2021_Human,Human T-cell leukemia virus 1 infection,0.926069890167336,0.9998018471260467,0,0,0.5826603284945138,0.044751559719308956,FOSL1;HLA-DRB5;CD3E;HLA-G;HLA-DQA2
KEGG_2021_Human,Acute myeloid leukemia,0.9274856033609216,0.9998018471260467,0,0,0.3790322580645161,0.02853279282565205,ZBTB16
KEGG_2021_Human,ECM-receptor interaction,0.9274856033609216,0.9998018471260467,0,0,0.3790322580645161,0.02853279282565205,COL9A3
KEGG_2021_Human,Tight junction,0.9303416165869559,0.9998018471260467,0,0,0.5097937379433151,0.036808856788338146,SLC9A3R1;ARHGEF18;LLGL1
KEGG_2021_Human,Epithelial cell signaling in Helicobacter pylori infection,0.930450326547244,0.9998018471260467,0,0,0.3729888780909189,0.026887495560662222,ATP6V0C
KEGG_2021_Human,Influenza A,0.9323960069657002,0.9998018471260467,0,0,0.5060893264910256,0.03542506575266098,TPSD1;HLA-DRB5;HLA-DQA2
KEGG_2021_Human,Toxoplasmosis,0.9357623298870782,0.9998018471260467,0,0,0.4469862902571591,0.029677098605201707,HLA-DRB5;HLA-DQA2
KEGG_2021_Human,Cellular senescence,0.9382291526375565,0.9998018471260467,0,0,0.4952891409892804,0.03158016094549156,LIN37;HLA-G;SQSTM1
KEGG_2021_Human,Inositol phosphate metabolism,0.9386379139133283,0.9998018471260467,0,0,0.3559575345289631,0.022541182561566137,MTMR8
KEGG_2021_Human,Epstein-Barr virus infection,0.9403754034166543,0.9998018471260467,0,0,0.5293543869815056,0.0325426528141799,HLA-DRB5;CD3E;HLA-G;HLA-DQA2
KEGG_2021_Human,Hypertrophic cardiomyopathy,0.9411473608819546,0.9998018471260467,0,0,0.3506193522184993,0.021267010125482665,EMD
KEGG_2021_Human,Pertussis,0.9411473608819546,0.9998018471260467,0,0,0.3506193522184993,0.021267010125482665,TICAM2
KEGG_2021_Human,NOD-like receptor signaling pathway,0.9418558156571991,0.9998018471260467,0,0,0.4883390216154721,0.02925301052961263,RNF31;NLRP6;GABARAP
KEGG_2021_Human,Calcium signaling pathway,0.9452844393776877,0.9998018471260467,0,0,0.48157931647108326,0.027098180503770906,LTB4R2;ADORA2A;CHRNA7
KEGG_2021_Human,Dilated cardiomyopathy,0.9458630440031365,0.9998018471260467,0,0,0.3404071773636991,0.018946210497046718,EMD
KEGG_2021_Human,Sphingolipid signaling pathway,0.9458845310227489,0.9998018471260467,0,0,0.4265138609261267,0.023729003800150854,ACER2;SMPD2
KEGG_2021_Human,RNA transport,0.9485245992044293,0.9998018471260467,0,0,0.47500230606032656,0.02510271053939963,ELAC2;EIF3I;EIF4EBP3
KEGG_2021_Human,Melanogenesis,0.959588767855881,0.9998018471260467,0,0,0.30889724310776945,0.012742151243342128,WNT1
KEGG_2021_Human,Measles,0.9603961042418577,0.9998018471260467,0,0,0.3939988261062517,0.015921284151168075,TLR9;CD3E
KEGG_2021_Human,Osteoclast differentiation,0.9603961042418577,0.9998018471260467,0,0,0.3939988261062517,0.015921284151168075,FOSL1;SQSTM1
KEGG_2021_Human,IL-17 signaling pathway,0.9643500914469301,0.9998018471260467,0,0,0.2971023852579006,0.010785079490407343,FOSL1
KEGG_2021_Human,Viral protein interaction with cytokine and cytokine receptor,0.9643500914469301,0.9998018471260467,0,0,0.2971023852579006,0.010785079490407343,CCL24
KEGG_2021_Human,Phosphatidylinositol signaling system,0.9685512314770021,0.9998018471260467,0,0,0.2861705657872905,0.009144265578522577,MTMR8
KEGG_2021_Human,"Parathyroid hormone synthesis, secretion and action",0.9698387320325061,0.9998018471260467,0,0,0.28270223752151463,0.00865789085703461,SLC9A3R1
KEGG_2021_Human,Human papillomavirus infection,0.9710194677007936,0.9998018471260467,0,0,0.5187726319801792,0.015256460744813705,SLC9A3R1;COL9A3;WNT1;HLA-G;ATP6V0C;LLGL1
KEGG_2021_Human,Kaposi sarcoma-associated herpesvirus infection,0.9715290234937257,0.9998018471260467,0,0,0.42037767468476017,0.01214224579314414,GNG10;HLA-G;GABARAP
KEGG_2021_Human,Autophagy,0.972138632587151,0.9998018471260467,0,0,0.36319216090223577,0.010262669525570261,SQSTM1;GABARAP
KEGG_2021_Human,Shigellosis,0.9723397569656167,0.9998018471260467,0,0,0.45838779956427017,0.012857773833227676,RNF31;U2AF1L5;SQSTM1;GABARAP
KEGG_2021_Human,Pathogenic Escherichia coli infection,0.9749319334559581,0.9998018471260467,0,0,0.4104245254775163,0.010419702819593526,SLC9A3R1;TUBB3;TUBB4A
KEGG_2021_Human,Hippo signaling pathway,0.9749509071228413,0.9998018471260467,0,0,0.3548603582675133,0.009002154672963761,WNT1;LLGL1
KEGG_2021_Human,Insulin resistance,0.9801462606848662,0.9998018471260467,0,0,0.2521212786189745,0.0050559072173904955,NR1H2
KEGG_2021_Human,Vascular smooth muscle contraction,0.9801462606848662,0.9998018471260467,0,0,0.2521212786189745,0.0050559072173904955,ADORA2A
KEGG_2021_Human,NF-kappa B signaling pathway,0.9832055451513179,0.9998018471260467,0,0,0.2416543937162494,0.00409292000281291,TICAM2
KEGG_2021_Human,T cell receptor signaling pathway,0.9832055451513179,0.9998018471260467,0,0,0.2416543937162494,0.00409292000281291,CD3E
KEGG_2021_Human,Platelet activation,0.9838937707841926,0.9998018471260467,0,0,0.23917117867555185,0.0038835047694672407,P2RY12
KEGG_2021_Human,Purine metabolism,0.9851868875812883,0.9998018471260467,0,0,0.23435374149659863,0.003497477010559039,NME2
KEGG_2021_Human,Endocytosis,0.9852066573834831,0.9998018471260467,0,0,0.4149667616334283,0.006184604596952242,SNX32;HLA-G;ARF5;EPN1
KEGG_2021_Human,Dopaminergic synapse,0.9863763287716363,0.9998018471260467,0,0,0.2297252234227024,0.0031512155539737915,GNG10
KEGG_2021_Human,Neurotrophin signaling pathway,0.9879840702581485,0.9998018471260467,0,0,0.2231130547457078,0.0026971478078213974,MAP2K5
KEGG_2021_Human,Cytokine-cytokine receptor interaction,0.9885114657193091,0.9998018471260467,0,0,0.3592806510895248,0.00415150133516804,CCL24;GDF15;TNFSF13
KEGG_2021_Human,Signaling pathways regulating pluripotency of stem cells,0.9889491945925962,0.9998018471260467,0,0,0.2189109288575243,0.0024326081094374103,WNT1
KEGG_2021_Human,Thyroid hormone signaling pathway,0.9889491945925962,0.9998018471260467,0,0,0.2189109288575243,0.0024326081094374103,MED27
KEGG_2021_Human,Protein processing in endoplasmic reticulum,0.9890523305590985,0.9998018471260467,0,0,0.3016980821014453,0.003321103397650287,VCP;HSPBP1
KEGG_2021_Human,Viral carcinogenesis,0.9898217584796446,0.9998018471260467,0,0,0.29781139118263,0.003046727870305421,HLA-G;GTF2H4
KEGG_2021_Human,Relaxin signaling pathway,0.9902536833616157,0.9998018471260467,0,0,0.21289424860853431,0.0020851124268550457,GNG10
KEGG_2021_Human,FoxO signaling pathway,0.9917569556876187,0.9998018471260467,0,0,0.20536460198114334,0.0016998451286215402,GABARAP
KEGG_2021_Human,Gastric cancer,0.9917569556876187,0.9998018471260467,0,0,0.20536460198114334,0.0016998451286215402,WNT1
KEGG_2021_Human,Oxytocin signaling pathway,0.9917569556876187,0.9998018471260467,0,0,0.20536460198114334,0.0016998451286215402,MAP2K5
KEGG_2021_Human,Chemokine signaling pathway,0.9918268166667207,0.9998018471260467,0,0,0.286723591935703,0.002353073686954166,CCL24;GNG10
KEGG_2021_Human,Cushing syndrome,0.9920950922791526,0.9998018471260467,0,0,0.20356403430937592,0.0016155487343913239,WNT1
KEGG_2021_Human,Breast cancer,0.9924193760342856,0.9998018471260467,0,0,0.2017945109078114,0.001535555923062944,WNT1
KEGG_2021_Human,Spinocerebellar ataxia,0.9927303735735381,0.9998018471260467,0,0,0.20005523576952147,0.0014596387947378084,PSMA6
KEGG_2021_Human,Rap1 signaling pathway,0.9939100972573331,0.9998018471260467,0,0,0.2731502236568138,0.0016685441043922504,ADORA2A;CNR1
KEGG_2021_Human,cGMP-PKG signaling pathway,0.9943462772834063,0.9998018471260467,0,0,0.19021348376749073,0.0010784658484877224,BORCS8-MEF2B
KEGG_2021_Human,Ubiquitin mediated proteolysis,0.9956033248666328,0.9998018471260467,0,0,0.18128724357960238,0.0007988184781628795,UBE2L6
KEGG_2021_Human,Ras signaling pathway,0.9959482108647109,0.9998018471260467,0,0,0.25643521725293444,0.001041132078240505,GNG10;FLT3LG
KEGG_2021_Human,Salmonella infection,0.9963477784354146,0.9998018471260467,0,0,0.30517757872930235,0.001116616442847292,TUBB3;TLR9;TUBB4A
KEGG_2021_Human,mTOR signaling pathway,0.996434716030394,0.9998018471260467,0,0,0.17445933597319524,0.0006231085145123389,WNT1
KEGG_2021_Human,Human cytomegalovirus infection,0.996993167262027,0.9998018471260467,0,0,0.24549448578857708,0.000739272849586268,GNG10;HLA-G
KEGG_2021_Human,Coronavirus disease,0.9971035168475103,0.9998018471260467,0,0,0.24419133583667063,0.0007083224081268814,RPS10-NUDT3;RPLP0
KEGG_2021_Human,Hepatitis B,0.9976558361961257,0.9998018471260467,0,0,0.1622260015117158,0.0003807307429552457,TICAM2
KEGG_2021_Human,cAMP signaling pathway,0.9977521104070607,0.9998018471260467,0,0,0.16109547267182736,0.0003625324557842976,ADORA2A
KEGG_2021_Human,Transcriptional misregulation in cancer,0.9978444320108658,0.9998018471260467,0,0,0.15998043052837574,0.00034522090231388635,ZBTB16
KEGG_2021_Human,MAPK signaling pathway,0.9980398446415654,0.9998018471260467,0,0,0.2825648395075375,0.00055441453126195,PPP5C;FLT3LG;MAP2K5
KEGG_2021_Human,Axon guidance,0.9985221216567683,0.9998018471260467,0,0,0.15059249506254113,0.00022272200568822996,L1CAM
KEGG_2021_Human,Focal adhesion,0.9993050828810233,0.9998018471260467,0,0,0.13474696236876255,9.367052127540055e-05,COL9A3
KEGG_2021_Human,PI3K-Akt signaling pathway,0.9993179870665981,0.9998018471260467,0,0,0.2514076958144922,0.00017152179679489525,GNG10;FLT3LG;COL9A3
KEGG_2021_Human,Proteoglycans in cancer,0.9994594681742518,0.9998018471260467,0,0,0.13017329836962718,7.038183415617041e-05,WNT1
KEGG_2021_Human,Regulation of actin cytoskeleton,0.9994594681742518,0.9998018471260467,0,0,0.13017329836962718,7.038183415617041e-05,TMSB4Y
KEGG_2021_Human,Lipid and atherosclerosis,0.9995427614451604,0.9998018471260467,0,0,0.12729080703319579,5.8215574869363434e-05,TICAM2
KEGG_2021_Human,Pathways in cancer,0.9998018471260467,0.9998018471260467,0,0,0.31362527858484734,6.215190828900229e-05,GSTM2;GNG10;GSTM1;ZBTB16;FLT3LG;WNT1
GO_Biological_Process_2023,Hepoxilin Biosynthetic Process (GO:0051122),1.3155715922597825e-05,0.012024324353254411,0,0,94.8991452991453,1066.5386800622862,GSTM2;GSTM1;ALOX15;ALOX15B
GO_Biological_Process_2023,Hepoxilin Metabolic Process (GO:0051121),1.3155715922597825e-05,0.012024324353254411,0,0,94.8991452991453,1066.5386800622862,GSTM2;GSTM1;ALOX15;ALOX15B
GO_Biological_Process_2023,DNA Deamination (GO:0045006),0.0010359354093863289,0.4734224820895523,0,0,11.856410256410257,81.48259239616596,EXOSC5;APOBEC3F;EXOSC4;APOBEC3B
GO_Biological_Process_2023,Long-Chain Fatty Acid Biosynthetic Process (GO:0042759),0.0010359354093863289,0.4734224820895523,0,0,11.856410256410257,81.48259239616596,GSTM2;GSTM1;ALOX15;ALOX15B
GO_Biological_Process_2023,Negative Regulation Of Execution Phase Of Apoptosis (GO:1900118),0.0032238060418853555,0.9999942086337028,0,0,14.206484641638225,81.50533879744262,MTRNR2L12;MTRNR2L8;MTRNR2L1
GO_Biological_Process_2023,Linoleic Acid Metabolic Process (GO:0043651),0.008669157118563482,0.9999942086337028,0,0,8.877133105802049,42.148483387387834,GSTM2;ALOX15;ALOX15B
GO_Biological_Process_2023,Cellular Response To Acetylcholine (GO:1905145),0.009397543487715185,0.9999942086337028,0,0,23.642248722316864,110.34563189240357,CHRNA7;LY6G6D
GO_Biological_Process_2023,Regulation Of Execution Phase Of Apoptosis (GO:1900117),0.014143110098741031,0.9999942086337028,0,0,7.100682593856655,30.23845346012317,MTRNR2L12;MTRNR2L8;MTRNR2L1
GO_Biological_Process_2023,Reverse Cholesterol Transport (GO:0043691),0.014143110098741031,0.9999942086337028,0,0,7.100682593856655,30.23845346012317,APOM;LIPC;CES1
GO_Biological_Process_2023,Hemostasis (GO:0007599),0.015241836967370928,0.9999942086337028,0,0,15.760363429869392,65.9368089987305,P2RY12;GPI
GO_Biological_Process_2023,Negative Regulation Of Oxidoreductase Activity (GO:0051354),0.015241836967370928,0.9999942086337028,0,0,15.760363429869392,65.9368089987305,OXA1L;MT3
GO_Biological_Process_2023,"Alternative mRNA Splicing, Via Spliceosome (GO:0000380)",0.021183316645174758,0.9999942086337028,0,0,5.916382252559727,22.804940081114747,SCNM1;PUF60;PQBP1
GO_Biological_Process_2023,Positive Regulation Of Cell Cycle Phase Transition (GO:1901989),0.021183316645174758,0.9999942086337028,0,0,5.916382252559727,22.804940081114747,PAGR1;DDRGK1;PHB2
GO_Biological_Process_2023,NADH Metabolic Process (GO:0006734),0.022250734473146187,0.9999942086337028,0,0,11.819420783645656,44.97739054518695,VCP;NUDT17
GO_Biological_Process_2023,Membrane Biogenesis (GO:0044091),0.022250734473146187,0.9999942086337028,0,0,11.819420783645656,44.97739054518695,CLIP3;PEX16
GO_Biological_Process_2023,Polyadenylation-Dependent snoRNA 3'-End Processing (GO:0071051),0.022250734473146187,0.9999942086337028,0,0,11.819420783645656,44.97739054518695,EXOSC5;EXOSC4
GO_Biological_Process_2023,Positive Regulation Of Ligase Activity (GO:0051351),0.022250734473146187,0.9999942086337028,0,0,11.819420783645656,44.97739054518695,XRCC1;NHEJ1
GO_Biological_Process_2023,DNA Modification (GO:0006304),0.029813607480294223,0.9999942086337028,0,0,5.070453437347635,17.811439969931474,EXOSC5;EXOSC4;MUTYH
GO_Biological_Process_2023,CD40 Signaling Pathway (GO:0023035),0.030320059612870678,0.9999942086337028,0,0,9.454855195911414,33.053660858736606,RNF31;PHB2
GO_Biological_Process_2023,U4 snRNA 3'-End Processing (GO:0034475),0.030320059612870678,0.9999942086337028,0,0,9.454855195911414,33.053660858736606,EXOSC5;EXOSC4
GO_Biological_Process_2023,"Nuclear-Transcribed mRNA Catabolic Process, Exonucleolytic, 3'-5' (GO:0034427)",0.030320059612870678,0.9999942086337028,0,0,9.454855195911414,33.053660858736606,EXOSC5;EXOSC4
GO_Biological_Process_2023,protein-RNA Complex Disassembly (GO:0032988),0.030320059612870678,0.9999942086337028,0,0,9.454855195911414,33.053660858736606,VCP;DNAJC17
GO_Biological_Process_2023,Protein Transmembrane Import Into Intracellular Organelle (GO:0044743),0.03218172280108617,0.9999942086337028,0,0,3.6433925049309663,12.519995889669824,PEX16;TIMM23;PEX14;TIMM50
GO_Biological_Process_2023,Negative Regulation Of Protein Catabolic Process (GO:0042177),0.03816258529600507,0.9999942086337028,0,0,2.8898680253925826,9.43801907627704,CST3;CYP51A1;PSMF1;CDK5RAP3;TIMP4
GO_Biological_Process_2023,DNA Cytosine Deamination (GO:0070383),0.03935216302008524,0.9999942086337028,0,0,7.8784781374219195,25.488486638242833,APOBEC3F;APOBEC3B
GO_Biological_Process_2023,Cellular Response To Nitrogen Levels (GO:0043562),0.03935216302008524,0.9999942086337028,0,0,7.8784781374219195,25.488486638242833,MAP1LC3B2;GABARAP
GO_Biological_Process_2023,Cellular Response To Nitrogen Starvation (GO:0006995),0.03935216302008524,0.9999942086337028,0,0,7.8784781374219195,25.488486638242833,MAP1LC3B2;GABARAP
GO_Biological_Process_2023,Sulfation (GO:0051923),0.03935216302008524,0.9999942086337028,0,0,7.8784781374219195,25.488486638242833,CHST5;SULT1A2
GO_Biological_Process_2023,Unsaturated Fatty Acid Biosynthetic Process (GO:0006636),0.03935216302008524,0.9999942086337028,0,0,7.8784781374219195,25.488486638242833,ALOX15;ALOX15B
GO_Biological_Process_2023,Lipid Oxidation (GO:0034440),0.03935216302008524,0.9999942086337028,0,0,7.8784781374219195,25.488486638242833,ALOX15;ALOX15B
GO_Biological_Process_2023,Negative Regulation Of Cholesterol Storage (GO:0010887),0.03935216302008524,0.9999942086337028,0,0,7.8784781374219195,25.488486638242833,NR1H2;CES1
GO_Biological_Process_2023,Positive Regulation Of Transcription Of Nucleolar Large rRNA By RNA Polymerase I (GO:1901838),0.03935216302008524,0.9999942086337028,0,0,7.8784781374219195,25.488486638242833,SMARCB1;PIH1D1
GO_Biological_Process_2023,Negative Regulation Of Catalytic Activity (GO:0043086),0.04001966671738744,0.9999942086337028,0,0,4.436006825938566,14.276774624648214,OXA1L;NOSIP;MT3
GO_Biological_Process_2023,Regulation Of Delayed Rectifier Potassium Channel Activity (GO:1902259),0.049255565116363684,0.9999942086337028,0,0,6.7524945242151375,20.329957559288363,KCNG1;NOS1AP
GO_Biological_Process_2023,Acetylcholine Receptor Signaling Pathway (GO:0095500),0.049255565116363684,0.9999942086337028,0,0,6.7524945242151375,20.329957559288363,CHRNA7;LY6G6D
GO_Biological_Process_2023,Regulation Of Transcription Of Nucleolar Large rRNA By RNA Polymerase I (GO:1901836),0.049255565116363684,0.9999942086337028,0,0,6.7524945242151375,20.329957559288363,SMARCB1;PIH1D1
GO_Biological_Process_2023,sno(s)RNA 3'-End Processing (GO:0031126),0.049255565116363684,0.9999942086337028,0,0,6.7524945242151375,20.329957559288363,EXOSC5;EXOSC4
GO_Biological_Process_2023,"Synaptic Transmission, Cholinergic (GO:0007271)",0.049255565116363684,0.9999942086337028,0,0,6.7524945242151375,20.329957559288363,CHRNA7;CHRFAM7A
GO_Biological_Process_2023,Negative Regulation Of Extracellular Matrix Organization (GO:1903054),0.049255565116363684,0.9999942086337028,0,0,6.7524945242151375,20.329957559288363,CST3;CHADL
GO_Biological_Process_2023,Nuclear mRNA Surveillance (GO:0071028),0.049255565116363684,0.9999942086337028,0,0,6.7524945242151375,20.329957559288363,EXOSC5;EXOSC4
GO_Biological_Process_2023,Positive Regulation Of Long-Term Synaptic Potentiation (GO:1900273),0.049255565116363684,0.9999942086337028,0,0,6.7524945242151375,20.329957559288363,CHRNA7;SQSTM1
GO_Biological_Process_2023,Positive Regulation Of Defense Response To Virus By Host (GO:0002230),0.05175687391849217,0.9999942086337028,0,0,3.9425483503981797,11.67466639384996,APOBEC3F;ZDHHC1;PQBP1
GO_Biological_Process_2023,Regulation Of Cell Cycle G1/S Phase Transition (GO:1902806),0.05465649608144668,0.9999942086337028,0,0,2.3314680988667997,6.776848490502611,PAGR1;SMARCB1;DDRGK1;TM4SF5;APBB1;PHB2
GO_Biological_Process_2023,Cholesterol Homeostasis (GO:0042632),0.05951596216701607,0.9999942086337028,0,0,2.5198557271932382,7.109799974077511,LIPC;APOM;NR1H2;RALY;CES1
GO_Biological_Process_2023,Regulation Of Dendritic Cell Differentiation (GO:2001198),0.05994461700170519,0.9999942086337028,0,0,5.908006814310051,16.627105590016814,TMEM176B;HLA-G
GO_Biological_Process_2023,Regulation Of Nervous System Process (GO:0031644),0.05994461700170519,0.9999942086337028,0,0,5.908006814310051,16.627105590016814,CHRNA7;DLGAP1
GO_Biological_Process_2023,Regulation Of Transposition (GO:0010528),0.05994461700170519,0.9999942086337028,0,0,5.908006814310051,16.627105590016814,APOBEC3F;APOBEC3B
GO_Biological_Process_2023,Cytidine To Uridine Editing (GO:0016554),0.05994461700170519,0.9999942086337028,0,0,5.908006814310051,16.627105590016814,APOBEC3F;APOBEC3B
GO_Biological_Process_2023,Nuclear RNA Surveillance (GO:0071027),0.05994461700170519,0.9999942086337028,0,0,5.908006814310051,16.627105590016814,EXOSC5;EXOSC4
GO_Biological_Process_2023,Sterol Homeostasis (GO:0055092),0.0636202779934824,0.9999942086337028,0,0,2.467180365296804,6.796645272405791,LIPC;APOM;NR1H2;RALY;CES1
GO_Biological_Process_2023,Defense Response To Virus (GO:0051607),0.0647104919506809,0.9999942086337028,0,0,1.7419838523644753,4.7692590082826,EXOSC5;APOBEC3F;EXOSC4;NLRP6;TLR9;DHX16;ZDHHC1;PHB2;RNASE1;APOBEC3B;PQBP1
GO_Biological_Process_2023,U2-type Prespliceosome Assembly (GO:1903241),0.06495698990743687,0.9999942086337028,0,0,3.54778156996587,9.699740968418453,SF3B2;SF3A2;PHF5A
GO_Biological_Process_2023,Peroxisome Organization (GO:0007031),0.06495698990743687,0.9999942086337028,0,0,3.54778156996587,9.699740968418453,PEX16;PEX11G;PEX14
GO_Biological_Process_2023,Antiviral Innate Immune Response (GO:0140374),0.0674146680089256,0.9999942086337028,0,0,2.784514831573655,7.509537606743785,NLRP6;DHX16;ZDHHC1;PHB2
GO_Biological_Process_2023,Regulation Of Oxidoreductase Activity (GO:0051341),0.07133917868027013,0.9999942086337028,0,0,5.251183039939428,13.864749054039192,OXA1L;MT3
GO_Biological_Process_2023,High-Density Lipoprotein Particle Remodeling (GO:0034375),0.07133917868027013,0.9999942086337028,0,0,5.251183039939428,13.864749054039192,APOM;LIPC
GO_Biological_Process_2023,Xenobiotic Catabolic Process (GO:0042178),0.07133917868027013,0.9999942086337028,0,0,5.251183039939428,13.864749054039192,GSTM2;GSTM1
GO_Biological_Process_2023,Negative Regulation Of Microtubule Polymerization (GO:0031115),0.07133917868027013,0.9999942086337028,0,0,5.251183039939428,13.864749054039192,CLIP3;TUBB4A
GO_Biological_Process_2023,Phosphatidylcholine Acyl-Chain Remodeling (GO:0036151),0.07133917868027013,0.9999942086337028,0,0,5.251183039939428,13.864749054039192,NR1H2;PLB1
GO_Biological_Process_2023,Positive Regulation Of Myeloid Leukocyte Mediated Immunity (GO:0002888),0.07133917868027013,0.9999942086337028,0,0,5.251183039939428,13.864749054039192,TICAM2;CD177
GO_Biological_Process_2023,Positive Regulation Of TORC1 Signaling (GO:1904263),0.07207927102637862,0.9999942086337028,0,0,3.378595806923452,8.885669061423396,RNF167;PIH1D1;CLEC16A
GO_Biological_Process_2023,Phosphatidylcholine Metabolic Process (GO:0046470),0.07281376743045721,0.9999942086337028,0,0,2.704761904761905,7.086071094508205,LIPC;NR1H2;MBOAT1;PLB1
GO_Biological_Process_2023,Negative Regulation Of NF-kappaB Transcription Factor Activity (GO:0032088),0.07639717982874643,0.9999942086337028,0,0,2.12175827551778,5.4567580827363145,RWDD3;NFKBIL1;TLR9;CCDC22;CDK5RAP3;MAP2K5
GO_Biological_Process_2023,DNA-templated Transcription Elongation (GO:0006354),0.07953383233557437,0.9999942086337028,0,0,3.2247905677939808,8.16379203513703,SRCAP;GTF2F1;ELL3
GO_Biological_Process_2023,Regulation Of Immunoglobulin Production (GO:0002637),0.07953383233557437,0.9999942086337028,0,0,3.2247905677939808,8.16379203513703,GPI;TLR9;PHB2
GO_Biological_Process_2023,Mismatch Repair (GO:0006298),0.07953383233557437,0.9999942086337028,0,0,3.2247905677939808,8.16379203513703,TREX1;PMS2;MUTYH
GO_Biological_Process_2023,Protein Insertion Into ER Membrane (GO:0045048),0.07953383233557437,0.9999942086337028,0,0,3.2247905677939808,8.16379203513703,EMC4;GET4;NOMO2
GO_Biological_Process_2023,Gamma-Aminobutyric Acid Transport (GO:0015812),0.07976074606633356,0.9999942086337028,0,0,23.60374149659864,59.68734287925711,SLC9A3R1
GO_Biological_Process_2023,Positive Regulation Of Ubiquitin-Dependent Protein Catabolic Process (GO:2000060),0.0804347988626421,0.9999942086337028,0,0,2.090404600948441,5.268464222413141,VCP;DDRGK1;CCDC22;HSPBP1;CDK5RAP3;GABARAP
GO_Biological_Process_2023,MHC Class II Protein Complex Assembly (GO:0002399),0.083364313711811,0.9999942086337028,0,0,4.7257240204429305,11.741226513324294,HLA-DRB5;HLA-DQA2
GO_Biological_Process_2023,Lipid Catabolic Process (GO:0016042),0.083364313711811,0.9999942086337028,0,0,4.7257240204429305,11.741226513324294,LIPC;CES1
GO_Biological_Process_2023,Negative Regulation Of Single Stranded Viral RNA Replication Via Double Stranded DNA Intermediate (GO:0045869),0.083364313711811,0.9999942086337028,0,0,4.7257240204429305,11.741226513324294,APOBEC3F;APOBEC3B
GO_Biological_Process_2023,Negative Regulation Of Toll-Like Receptor Signaling Pathway (GO:0034122),0.083364313711811,0.9999942086337028,0,0,4.7257240204429305,11.741226513324294,NFKBIL1;TLR9
GO_Biological_Process_2023,Peptide Antigen Assembly With MHC Class II Protein Complex (GO:0002503),0.083364313711811,0.9999942086337028,0,0,4.7257240204429305,11.741226513324294,HLA-DRB5;HLA-DQA2
GO_Biological_Process_2023,Protein Homotrimerization (GO:0070207),0.083364313711811,0.9999942086337028,0,0,4.7257240204429305,11.741226513324294,SIGMAR1;HLA-G
GO_Biological_Process_2023,Protein Import Into Peroxisome Matrix (GO:0016558),0.083364313711811,0.9999942086337028,0,0,4.7257240204429305,11.741226513324294,PEX16;PEX14
GO_Biological_Process_2023,Protein Trimerization (GO:0070206),0.083364313711811,0.9999942086337028,0,0,4.7257240204429305,11.741226513324294,SIGMAR1;HLA-G
GO_Biological_Process_2023,Regulation Of Calcium Ion Transmembrane Transport (GO:1903169),0.083364313711811,0.9999942086337028,0,0,4.7257240204429305,11.741226513324294,NOS1AP;LIME1
GO_Biological_Process_2023,Positive Regulation Of Type I Interferon Production (GO:0032481),0.08644999781368864,0.9999942086337028,0,0,2.233619798397519,5.468323626430855,TICAM2;POLR3C;POLR3D;TLR9;PQBP1
GO_Biological_Process_2023,Cellular Nitrogen Compound Biosynthetic Process (GO:0044271),0.08730788365779152,0.9999942086337028,0,0,3.0843596972844636,7.5206390189237995,ACER2;SPR;SULT1A2
GO_Biological_Process_2023,Lipid Modification (GO:0030258),0.08730788365779152,0.9999942086337028,0,0,3.0843596972844636,7.5206390189237995,ALOX15;MBOAT1;ALOX15B
GO_Biological_Process_2023,ncRNA Catabolic Process (GO:0034661),0.08730788365779152,0.9999942086337028,0,0,3.0843596972844636,7.5206390189237995,EXOSC5;EXOSC4;ELAC2
GO_Biological_Process_2023,Positive Regulation Of Proteolysis Involved In Protein Catabolic Process (GO:1903052),0.08730788365779152,0.9999942086337028,0,0,3.0843596972844636,7.5206390189237995,DDRGK1;CCDC22;CDK5RAP3
GO_Biological_Process_2023,Positive Regulation Of Lymphocyte Activation (GO:0051251),0.09027246713752225,0.9999942086337028,0,0,2.490688259109312,5.989912905805133,HLA-DRB5;TICAM2;TLR9;HLA-DQA2
GO_Biological_Process_2023,Transcription Elongation By RNA Polymerase II (GO:0006368),0.09538806993849838,0.9999942086337028,0,0,2.955631399317406,6.945147868174805,SRCAP;GTF2F1;ELL3
GO_Biological_Process_2023,Regulation Of Cholesterol Storage (GO:0010885),0.09594999953212305,0.9999942086337028,0,0,4.295803004491249,10.069053208493601,NR1H2;CES1
GO_Biological_Process_2023,Cellular Response To Arsenic-Containing Substance (GO:0071243),0.09594999953212305,0.9999942086337028,0,0,4.295803004491249,10.069053208493601,VCP;HSF1
GO_Biological_Process_2023,Retrotransposon Silencing (GO:0010526),0.09594999953212305,0.9999942086337028,0,0,4.295803004491249,10.069053208493601,APOBEC3F;APOBEC3B
GO_Biological_Process_2023,Sodium Ion Import Across Plasma Membrane (GO:0098719),0.09594999953212305,0.9999942086337028,0,0,4.295803004491249,10.069053208493601,SLC9A3;SCNN1B
GO_Biological_Process_2023,Microvillus Organization (GO:0032528),0.09594999953212305,0.9999942086337028,0,0,4.295803004491249,10.069053208493601,SLC9A3R1;FXYD5
GO_Biological_Process_2023,Mitophagy (GO:0000423),0.09594999953212305,0.9999942086337028,0,0,4.295803004491249,10.069053208493601,PHB2;SQSTM1
GO_Biological_Process_2023,Mitochondrial Translation (GO:0032543),0.09626568578462438,0.9999942086337028,0,0,1.8637206069732422,4.362305244786077,MRPS24;MTG1;MRPL38;MRPS18A;MRPL24;MRPL21;TUFM
GO_Biological_Process_2023,rRNA Processing (GO:0006364),0.09626568578462438,0.9999942086337028,0,0,1.8637206069732422,4.362305244786077,RRP7A;EXOSC5;EXOSC4;PIH1D1;PES1;WDR18;NHP2
GO_Biological_Process_2023,Cellular Defense Response (GO:0006968),0.09649870531306007,0.9999942086337028,0,0,2.4266491343414422,5.674053339671274,FOSL1;ADORA2A;KLRC3;HLA-G
GO_Biological_Process_2023,Autophagy Of Mitochondrion (GO:0000422),0.10292049055309092,0.9999942086337028,0,0,2.365811965811966,5.379379758826603,MAP1LC3B2;PHB2;SQSTM1;GABARAP
GO_Biological_Process_2023,Ribosome Assembly (GO:0042255),0.10292049055309092,0.9999942086337028,0,0,2.365811965811966,5.379379758826603,RRP7A;NGRN;RPLP0;PWP2
GO_Biological_Process_2023,Intracellular Protein Transmembrane Transport (GO:0065002),0.10292049055309092,0.9999942086337028,0,0,2.365811965811966,5.379379758826603,PEX16;TIMM23;PEX14;TIMM50
GO_Biological_Process_2023,Positive Regulation Of Nitrogen Compound Metabolic Process (GO:0051173),0.10376058069107913,0.9999942086337028,0,0,2.8372013651877133,6.4281595841833425,CHRNA7;NR1H2;MAP2K5
GO_Biological_Process_2023,Axon Development (GO:0061564),0.1073961543368637,0.9999942086337028,0,0,2.076273732275895,4.6326461175886555,RAB3A;APBB1;L1CAM;S100B;LLGL1
GO_Biological_Process_2023,Regulation Of Natural Killer Cell Activation (GO:0032814),0.1090308526920919,0.9999942086337028,0,0,3.937535491198183,8.726068417208007,TICAM2;KLRC3
GO_Biological_Process_2023,Base Conversion Or Substitution Editing (GO:0016553),0.1090308526920919,0.9999942086337028,0,0,3.937535491198183,8.726068417208007,APOBEC3F;APOBEC3B
GO_Biological_Process_2023,Cellular Response To Copper Ion (GO:0071280),0.1090308526920919,0.9999942086337028,0,0,3.937535491198183,8.726068417208007,HSF1;MT3
GO_Biological_Process_2023,Diol Biosynthetic Process (GO:0034312),0.1090308526920919,0.9999942086337028,0,0,3.937535491198183,8.726068417208007,ACER2;SPR
GO_Biological_Process_2023,Tail-Anchored Membrane Protein Insertion Into ER Membrane (GO:0071816),0.1090308526920919,0.9999942086337028,0,0,3.937535491198183,8.726068417208007,EMC4;GET4
GO_Biological_Process_2023,Maintenance Of Gastrointestinal Epithelium (GO:0030277),0.1090308526920919,0.9999942086337028,0,0,3.937535491198183,8.726068417208007,TLR9;TFF2
GO_Biological_Process_2023,Microvillus Assembly (GO:0030033),0.1090308526920919,0.9999942086337028,0,0,3.937535491198183,8.726068417208007,SLC9A3R1;FXYD5
GO_Biological_Process_2023,Negative Regulation Of RNA Biosynthetic Process (GO:1902679),0.1090308526920919,0.9999942086337028,0,0,3.937535491198183,8.726068417208007,APOBEC3F;APOBEC3B
GO_Biological_Process_2023,Nucleosome Disassembly (GO:0006337),0.1090308526920919,0.9999942086337028,0,0,3.937535491198183,8.726068417208007,SMARCB1;SSRP1
GO_Biological_Process_2023,Prostanoid Metabolic Process (GO:0006692),0.1090308526920919,0.9999942086337028,0,0,3.937535491198183,8.726068417208007,GSTM1;CES1
GO_Biological_Process_2023,Regulation Of Amyloid-Beta Clearance (GO:1900221),0.1090308526920919,0.9999942086337028,0,0,3.937535491198183,8.726068417208007,LRPAP1;CYP51A1
GO_Biological_Process_2023,rRNA Metabolic Process (GO:0016072),0.111929487878292,0.9999942086337028,0,0,1.8943396226415095,4.148388156943684,RRP7A;EXOSC5;EXOSC4;PIH1D1;PES1;WDR18
GO_Biological_Process_2023,Regulation Of Defense Response To Virus By Host (GO:0050691),0.11241124990884874,0.9999942086337028,0,0,2.7278813336833814,5.962033596780047,APOBEC3F;ZDHHC1;PQBP1
GO_Biological_Process_2023,Response To Organonitrogen Compound (GO:0010243),0.11241124990884874,0.9999942086337028,0,0,2.7278813336833814,5.962033596780047,VCP;ADORA2A;CHRNA7
GO_Biological_Process_2023,"mRNA Splicing, Via Spliceosome (GO:0000398)",0.11329691581555623,0.9999942086337028,0,0,1.5228686086061964,3.316416958996357,SF3B2;SCNM1;SF3A2;PHF5A;PUF60;DHX16;RBM42;WDR83;RALY;SNRPA;DNAJC17;PQBP1
GO_Biological_Process_2023,Phospholipid Metabolic Process (GO:0006644),0.116329828972003,0.9999942086337028,0,0,2.252828652828653,4.846568334763414,SMPD2;MBOAT1;ALOX15B;PLB1
GO_Biological_Process_2023,Sensory Perception Of Sour Taste (GO:0050915),0.11722670608208982,0.9999942086337028,0,0,11.801020408163266,25.297205003818032,SCNN1B
GO_Biological_Process_2023,Ethanol Catabolic Process (GO:0006068),0.11722670608208982,0.9999942086337028,0,0,11.801020408163266,25.297205003818032,SULT1A2
GO_Biological_Process_2023,Multinuclear Osteoclast Differentiation (GO:0072674),0.11722670608208982,0.9999942086337028,0,0,11.801020408163266,25.297205003818032,TCTA
GO_Biological_Process_2023,Nucleoside Triphosphate Biosynthetic Process (GO:0009142),0.11722670608208982,0.9999942086337028,0,0,11.801020408163266,25.297205003818032,NME2
GO_Biological_Process_2023,Positive Regulation Of Insulin-Like Growth Factor Receptor Signaling Pathway (GO:0043568),0.11722670608208982,0.9999942086337028,0,0,11.801020408163266,25.297205003818032,WNT1
GO_Biological_Process_2023,Positive Regulation Of Lipoprotein Lipase Activity (GO:0051006),0.11722670608208982,0.9999942086337028,0,0,11.801020408163266,25.297205003818032,NR1H2
GO_Biological_Process_2023,Positive Regulation Of Triglyceride Lipase Activity (GO:0061365),0.11722670608208982,0.9999942086337028,0,0,11.801020408163266,25.297205003818032,NR1H2
GO_Biological_Process_2023,Positive Regulation Of Immunoglobulin Production (GO:0002639),0.12132564692994668,0.9999942086337028,0,0,2.6266590822904816,5.540351724385765,GPI;TLR9;PHB2
GO_Biological_Process_2023,Positive Regulation Of Transcription By RNA Polymerase I (GO:0045943),0.12132564692994668,0.9999942086337028,0,0,2.6266590822904816,5.540351724385765,SMARCB1;PIH1D1;RASL11A
GO_Biological_Process_2023,Regulation Of Single Stranded Viral RNA Replication Via Double Stranded DNA Intermediate (GO:0045091),0.12254586820987087,0.9999942086337028,0,0,3.63438605687328,7.629557198618962,APOBEC3F;APOBEC3B
GO_Biological_Process_2023,Ribosomal Small Subunit Assembly (GO:0000028),0.12254586820987087,0.9999942086337028,0,0,3.63438605687328,7.629557198618962,RRP7A;PWP2
GO_Biological_Process_2023,Sphingolipid Catabolic Process (GO:0030149),0.12254586820987087,0.9999942086337028,0,0,3.63438605687328,7.629557198618962,ACER2;SMPD2
GO_Biological_Process_2023,Epithelial Structure Maintenance (GO:0010669),0.12254586820987087,0.9999942086337028,0,0,3.63438605687328,7.629557198618962,TLR9;TFF2
GO_Biological_Process_2023,Glucose 6-Phosphate Metabolic Process (GO:0051156),0.12254586820987087,0.9999942086337028,0,0,3.63438605687328,7.629557198618962,GPI;RBKS
GO_Biological_Process_2023,Immunoglobulin Production Involved In Immunoglobulin-Mediated Immune Response (GO:0002381),0.12254586820987087,0.9999942086337028,0,0,3.63438605687328,7.629557198618962,HLA-DRB5;HLA-DQA2
GO_Biological_Process_2023,Maturation Of 5.8S rRNA (GO:0000460),0.12254586820987087,0.9999942086337028,0,0,3.63438605687328,7.629557198618962,EXOSC4;PES1
GO_Biological_Process_2023,Negative Regulation Of ATP-dependent Activity (GO:0032780),0.12254586820987087,0.9999942086337028,0,0,3.63438605687328,7.629557198618962,OXA1L;TLR9
GO_Biological_Process_2023,Negative Regulation Of Interleukin-8 Production (GO:0032717),0.12254586820987087,0.9999942086337028,0,0,3.63438605687328,7.629557198618962,TLR9;MAP2K5
GO_Biological_Process_2023,Positive Regulation Of Cell Adhesion Mediated By Integrin (GO:0033630),0.12254586820987087,0.9999942086337028,0,0,3.63438605687328,7.629557198618962,P2RY12;CD3E
GO_Biological_Process_2023,Positive Regulation Of Myeloid Leukocyte Cytokine Production Involved In Immune Response (GO:0061081),0.12254586820987087,0.9999942086337028,0,0,3.63438605687328,7.629557198618962,TICAM2;HLA-G
GO_Biological_Process_2023,Negative Regulation Of Response To Stimulus (GO:0048585),0.12330627589071293,0.9999942086337028,0,0,2.2002782746968794,4.605367187957963,RTEL1;NR1H2;HLA-G;MAP2K5
GO_Biological_Process_2023,Positive Regulation Of Cellular Metabolic Process (GO:0031325),0.12330627589071293,0.9999942086337028,0,0,2.2002782746968794,4.605367187957963,LIPT2;HLA-G;MT3;DHRS4
GO_Biological_Process_2023,Regulation Of Cysteine-Type Endopeptidase Activity (GO:2000116),0.13643817246970158,0.9999942086337028,0,0,3.374543684594792,6.721698613969257,CST3;MT3
GO_Biological_Process_2023,Acylglycerol Catabolic Process (GO:0046464),0.13643817246970158,0.9999942086337028,0,0,3.374543684594792,6.721698613969257,LIPC;ABHD16A
GO_Biological_Process_2023,Response To Exogenous dsRNA (GO:0043330),0.13643817246970158,0.9999942086337028,0,0,3.374543684594792,6.721698613969257,TICAM2;PQBP1
GO_Biological_Process_2023,Negative Regulation Of Lipid Storage (GO:0010888),0.13643817246970158,0.9999942086337028,0,0,3.374543684594792,6.721698613969257,NR1H2;CES1
GO_Biological_Process_2023,"Nuclear-Transcribed mRNA Catabolic Process, Exonucleolytic (GO:0000291)",0.13643817246970158,0.9999942086337028,0,0,3.374543684594792,6.721698613969257,EXOSC5;EXOSC4
GO_Biological_Process_2023,Oxoacid Metabolic Process (GO:0043436),0.13643817246970158,0.9999942086337028,0,0,3.374543684594792,6.721698613969257,LIPT2;SULT1A2
GO_Biological_Process_2023,Peptide Antigen Assembly With MHC Protein Complex (GO:0002501),0.13643817246970158,0.9999942086337028,0,0,3.374543684594792,6.721698613969257,HLA-DRB5;HLA-DQA2
GO_Biological_Process_2023,Protein Alkylation (GO:0008213),0.13643817246970158,0.9999942086337028,0,0,3.374543684594792,6.721698613969257,METTL22;LCMT1
GO_Biological_Process_2023,Protein Import Into Mitochondrial Matrix (GO:0030150),0.13643817246970158,0.9999942086337028,0,0,3.374543684594792,6.721698613969257,TIMM23;TIMM50
GO_Biological_Process_2023,Protein Targeting To Peroxisome (GO:0006625),0.13643817246970158,0.9999942086337028,0,0,3.374543684594792,6.721698613969257,PEX16;PEX14
GO_Biological_Process_2023,protein-DNA Complex Disassembly (GO:0032986),0.13643817246970158,0.9999942086337028,0,0,3.374543684594792,6.721698613969257,SMARCB1;SSRP1
GO_Biological_Process_2023,Regulation Of Autophagosome Maturation (GO:1901096),0.13643817246970158,0.9999942086337028,0,0,3.374543684594792,6.721698613969257,CLEC16A;TOM1
GO_Biological_Process_2023,Defense Response To Symbiont (GO:0140546),0.1375254997351297,0.9999942086337028,0,0,1.6197243185194992,3.21344546369973,EXOSC5;APOBEC3F;EXOSC4;NLRP6;TLR9;RNASE1;APOBEC3B;PQBP1
GO_Biological_Process_2023,Selective Autophagy (GO:0061912),0.14525133875323257,0.9999942086337028,0,0,2.056335934596804,3.9672676692704956,DDRGK1;STBD1;PHB2;SQSTM1
GO_Biological_Process_2023,Lipid Biosynthetic Process (GO:0008610),0.14525133875323257,0.9999942086337028,0,0,2.056335934596804,3.9672676692704956,LIPC;CYP51A1;MBOAT1;MCAT
GO_Biological_Process_2023,Positive Regulation Of Interferon-Beta Production (GO:0032728),0.1495046067917337,0.9999942086337028,0,0,2.363481228668942,4.491626074526517,POLR3C;POLR3D;TLR9
GO_Biological_Process_2023,Response To Copper Ion (GO:0046688),0.15065478882151298,0.9999942086337028,0,0,3.1493469619534356,5.960971265417663,HSF1;MT3
GO_Biological_Process_2023,Negative Regulation Of Transposition (GO:0010529),0.15065478882151298,0.9999942086337028,0,0,3.1493469619534356,5.960971265417663,APOBEC3F;APOBEC3B
GO_Biological_Process_2023,Peroxisomal Membrane Transport (GO:0015919),0.15065478882151298,0.9999942086337028,0,0,3.1493469619534356,5.960971265417663,PEX16;PEX14
GO_Biological_Process_2023,Phosphatidylserine Metabolic Process (GO:0006658),0.15065478882151298,0.9999942086337028,0,0,3.1493469619534356,5.960971265417663,ABHD16A;MBOAT1
GO_Biological_Process_2023,rRNA Catabolic Process (GO:0016075),0.15065478882151298,0.9999942086337028,0,0,3.1493469619534356,5.960971265417663,EXOSC5;EXOSC4
GO_Biological_Process_2023,RIG-I Signaling Pathway (GO:0039529),0.1531697947369401,0.9999942086337028,0,0,7.866780045351474,14.75971725548063,PHB2
GO_Biological_Process_2023,Acid Secretion (GO:0046717),0.1531697947369401,0.9999942086337028,0,0,7.866780045351474,14.75971725548063,SLC9A3R1
GO_Biological_Process_2023,Regulation Of Nitric Oxide Mediated Signal Transduction (GO:0010749),0.1531697947369401,0.9999942086337028,0,0,7.866780045351474,14.75971725548063,NOS1AP
GO_Biological_Process_2023,Regulation Of Respiratory Gaseous Exchange (GO:0043576),0.1531697947369401,0.9999942086337028,0,0,7.866780045351474,14.75971725548063,MTG1
GO_Biological_Process_2023,Regulation Of Respiratory System Process (GO:0044065),0.1531697947369401,0.9999942086337028,0,0,7.866780045351474,14.75971725548063,MTG1
GO_Biological_Process_2023,Cellular Response To Caffeine (GO:0071313),0.1531697947369401,0.9999942086337028,0,0,7.866780045351474,14.75971725548063,GSTM2
GO_Biological_Process_2023,Regulation Of System Process (GO:0044057),0.1531697947369401,0.9999942086337028,0,0,7.866780045351474,14.75971725548063,MTG1
GO_Biological_Process_2023,Response To Bile Acid (GO:1903412),0.1531697947369401,0.9999942086337028,0,0,7.866780045351474,14.75971725548063,GPBAR1
GO_Biological_Process_2023,Response To Caffeine (GO:0031000),0.1531697947369401,0.9999942086337028,0,0,7.866780045351474,14.75971725548063,GSTM2
GO_Biological_Process_2023,Spontaneous Synaptic Transmission (GO:0098814),0.1531697947369401,0.9999942086337028,0,0,7.866780045351474,14.75971725548063,RPH3AL
GO_Biological_Process_2023,"Substrate-Dependent Cell Migration, Cell Extension (GO:0006930)",0.1531697947369401,0.9999942086337028,0,0,7.866780045351474,14.75971725548063,P2RY12
GO_Biological_Process_2023,Thiamine-Containing Compound Metabolic Process (GO:0042723),0.1531697947369401,0.9999942086337028,0,0,7.866780045351474,14.75971725548063,THTPA
GO_Biological_Process_2023,Lipoxygenase Pathway (GO:0019372),0.1531697947369401,0.9999942086337028,0,0,7.866780045351474,14.75971725548063,ALOX15
GO_Biological_Process_2023,mRNA 3'-Splice Site Recognition (GO:0000389),0.1531697947369401,0.9999942086337028,0,0,7.866780045351474,14.75971725548063,SF3A2
GO_Biological_Process_2023,Pexophagy (GO:0000425),0.1531697947369401,0.9999942086337028,0,0,7.866780045351474,14.75971725548063,SQSTM1
GO_Biological_Process_2023,Positive Regulation Of CoA-transferase Activity (GO:1905920),0.1531697947369401,0.9999942086337028,0,0,7.866780045351474,14.75971725548063,CHRNA7
GO_Biological_Process_2023,Positive Regulation Of Interleukin-18 Production (GO:0032741),0.1531697947369401,0.9999942086337028,0,0,7.866780045351474,14.75971725548063,TLR9
GO_Biological_Process_2023,Positive Regulation Of Mitochondrial Membrane Potential (GO:0010918),0.1531697947369401,0.9999942086337028,0,0,7.866780045351474,14.75971725548063,VCP
GO_Biological_Process_2023,Positive Regulation Of Steroid Metabolic Process (GO:0045940),0.1531697947369401,0.9999942086337028,0,0,7.866780045351474,14.75971725548063,CES1
GO_Biological_Process_2023,Presynaptic Active Zone Organization (GO:1990709),0.1531697947369401,0.9999942086337028,0,0,7.866780045351474,14.75971725548063,RAB3A
GO_Biological_Process_2023,Protection From Natural Killer Cell Mediated Cytotoxicity (GO:0042270),0.1531697947369401,0.9999942086337028,0,0,7.866780045351474,14.75971725548063,HLA-G
GO_Biological_Process_2023,Protein O-linked Glycosylation Via Serine (GO:0018242),0.1531697947369401,0.9999942086337028,0,0,7.866780045351474,14.75971725548063,GALNT4
GO_Biological_Process_2023,Protein Sulfation (GO:0006477),0.1531697947369401,0.9999942086337028,0,0,7.866780045351474,14.75971725548063,CHST5
GO_Biological_Process_2023,Regulation Of CoA-transferase Activity (GO:1905918),0.1531697947369401,0.9999942086337028,0,0,7.866780045351474,14.75971725548063,CHRNA7
GO_Biological_Process_2023,Regulation Of Bile Acid Metabolic Process (GO:1904251),0.1531697947369401,0.9999942086337028,0,0,7.866780045351474,14.75971725548063,CES1
GO_Biological_Process_2023,Mitochondrion Disassembly (GO:0061726),0.15932704331747435,0.9999942086337028,0,0,2.287074755036882,4.200890477664328,MAP1LC3B2;SQSTM1;GABARAP
GO_Biological_Process_2023,Ribosomal Large Subunit Assembly (GO:0000027),0.16514641554134826,0.9999942086337028,0,0,2.9522998296422487,5.316864169054219,DDX28;RPLP0
GO_Biological_Process_2023,snRNA 3'-End Processing (GO:0034472),0.16514641554134826,0.9999942086337028,0,0,2.9522998296422487,5.316864169054219,EXOSC5;EXOSC4
GO_Biological_Process_2023,ncRNA Processing (GO:0034470),0.1660273454332026,0.9999942086337028,0,0,1.6702653617193017,2.999133114592869,RRP7A;EXOSC5;EXOSC4;PIH1D1;PES1;WDR18
GO_Biological_Process_2023,Negative Regulation Of Cell-Cell Adhesion (GO:0022408),0.16933971147622306,0.9999942086337028,0,0,2.215443686006826,3.9342922460107776,FXYD5;WNT1;MAP2K5
GO_Biological_Process_2023,Negative Regulation Of Endopeptidase Activity (GO:0010951),0.16933971147622306,0.9999942086337028,0,0,2.215443686006826,3.9342922460107776,CST3;MT3;TIMP4
GO_Biological_Process_2023,Positive Regulation Of Production Of Molecular Mediator Of Immune Response (GO:0002702),0.16933971147622306,0.9999942086337028,0,0,2.215443686006826,3.9342922460107776,GPI;TLR9;PHB2
GO_Biological_Process_2023,Regulation Of Microtubule Polymerization (GO:0031113),0.17952807201117596,0.9999942086337028,0,0,2.1481538938876823,3.6892903941036015,CLIP3;DRG1;TUBB4A
GO_Biological_Process_2023,Unsaturated Fatty Acid Metabolic Process (GO:0033559),0.17952807201117596,0.9999942086337028,0,0,2.1481538938876823,3.6892903941036015,GSTM2;ALOX15;ALOX15B
GO_Biological_Process_2023,NAD Metabolic Process (GO:0019674),0.17986721514535392,0.9999942086337028,0,0,2.778434712897084,4.766505868213112,VCP;NUDT17
GO_Biological_Process_2023,Regulation Of Toll-Like Receptor Signaling Pathway (GO:0034121),0.17986721514535392,0.9999942086337028,0,0,2.778434712897084,4.766505868213112,NFKBIL1;TLR9
GO_Biological_Process_2023,Positive Regulation Of Immune System Process (GO:0002684),0.17986721514535392,0.9999942086337028,0,0,2.778434712897084,4.766505868213112,MADCAM1;HLA-G
GO_Biological_Process_2023,Spliceosomal Complex Assembly (GO:0000245),0.1848275147696244,0.9999942086337028,0,0,1.8540640187699011,3.1302760605301403,SF3B2;SF3A2;PHF5A;PUF60
GO_Biological_Process_2023,Regulation Of Cellular Response To Insulin Stimulus (GO:1900076),0.187651806677766,0.9999942086337028,0,0,5.899659863945578,9.871116936192228,ECHDC3
GO_Biological_Process_2023,ATP Synthesis Coupled Electron Transport (GO:0042773),0.187651806677766,0.9999942086337028,0,0,5.899659863945578,9.871116936192228,NDUFB6
GO_Biological_Process_2023,ISG15-protein Conjugation (GO:0032020),0.187651806677766,0.9999942086337028,0,0,5.899659863945578,9.871116936192228,UBE2L6
GO_Biological_Process_2023,Acidic Amino Acid Transport (GO:0015800),0.187651806677766,0.9999942086337028,0,0,5.899659863945578,9.871116936192228,SLC9A3R1
GO_Biological_Process_2023,Aggrephagy (GO:0035973),0.187651806677766,0.9999942086337028,0,0,5.899659863945578,9.871116936192228,SQSTM1
GO_Biological_Process_2023,Regulation Of Mitotic Spindle Checkpoint (GO:1903504),0.187651806677766,0.9999942086337028,0,0,5.899659863945578,9.871116936192228,LCMT1
GO_Biological_Process_2023,Regulation Of Natural Killer Cell Cytokine Production (GO:0002727),0.187651806677766,0.9999942086337028,0,0,5.899659863945578,9.871116936192228,HLA-G
GO_Biological_Process_2023,Regulation Of Peptidyl-Cysteine S-nitrosylation (GO:2000169),0.187651806677766,0.9999942086337028,0,0,5.899659863945578,9.871116936192228,NOS1AP
GO_Biological_Process_2023,Regulation Of Plasma Membrane Repair (GO:1905684),0.187651806677766,0.9999942086337028,0,0,5.899659863945578,9.871116936192228,RAB3A
GO_Biological_Process_2023,Regulation Of Postsynaptic Neurotransmitter Receptor Activity (GO:0098962),0.187651806677766,0.9999942086337028,0,0,5.899659863945578,9.871116936192228,DLGAP1
GO_Biological_Process_2023,Regulation Of Protein ADP-ribosylation (GO:0010835),0.187651806677766,0.9999942086337028,0,0,5.899659863945578,9.871116936192228,XRCC1
GO_Biological_Process_2023,Regulation Of T-Circle Formation (GO:1904429),0.187651806677766,0.9999942086337028,0,0,5.899659863945578,9.871116936192228,RTEL1
GO_Biological_Process_2023,Cilium Disassembly (GO:0061523),0.187651806677766,0.9999942086337028,0,0,5.899659863945578,9.871116936192228,RRP7A
GO_Biological_Process_2023,Response To Hydroperoxide (GO:0033194),0.187651806677766,0.9999942086337028,0,0,5.899659863945578,9.871116936192228,XRCC1
GO_Biological_Process_2023,Response To Lead Ion (GO:0010288),0.187651806677766,0.9999942086337028,0,0,5.899659863945578,9.871116936192228,PPP5C
GO_Biological_Process_2023,snRNA Modification (GO:0040031),0.187651806677766,0.9999942086337028,0,0,5.899659863945578,9.871116936192228,NHP2
GO_Biological_Process_2023,snoRNA Localization (GO:0048254),0.187651806677766,0.9999942086337028,0,0,5.899659863945578,9.871116936192228,PIH1D1
GO_Biological_Process_2023,Fatty Acid Alpha-Oxidation (GO:0001561),0.187651806677766,0.9999942086337028,0,0,5.899659863945578,9.871116936192228,ILVBL
GO_Biological_Process_2023,tRNA Catabolic Process (GO:0016078),0.187651806677766,0.9999942086337028,0,0,5.899659863945578,9.871116936192228,ELAC2
GO_Biological_Process_2023,Glucan Catabolic Process (GO:0009251),0.187651806677766,0.9999942086337028,0,0,5.899659863945578,9.871116936192228,STBD1
GO_Biological_Process_2023,Valine Metabolic Process (GO:0006573),0.187651806677766,0.9999942086337028,0,0,5.899659863945578,9.871116936192228,ILVBL
GO_Biological_Process_2023,Immunoglobulin V(D)J Recombination (GO:0033152),0.187651806677766,0.9999942086337028,0,0,5.899659863945578,9.871116936192228,NHEJ1
GO_Biological_Process_2023,Isoleucine Metabolic Process (GO:0006549),0.187651806677766,0.9999942086337028,0,0,5.899659863945578,9.871116936192228,ILVBL
GO_Biological_Process_2023,Lactate Metabolic Process (GO:0006089),0.187651806677766,0.9999942086337028,0,0,5.899659863945578,9.871116936192228,LDHD
GO_Biological_Process_2023,Mitochondrial Proton-Transporting ATP Synthase Complex Assembly (GO:0033615),0.187651806677766,0.9999942086337028,0,0,5.899659863945578,9.871116936192228,OXA1L
GO_Biological_Process_2023,Mitochondrial Translational Elongation (GO:0070125),0.187651806677766,0.9999942086337028,0,0,5.899659863945578,9.871116936192228,TUFM
GO_Biological_Process_2023,Monoacylglycerol Catabolic Process (GO:0052651),0.187651806677766,0.9999942086337028,0,0,5.899659863945578,9.871116936192228,ABHD16A
GO_Biological_Process_2023,"Negative Regulation Of CD4-positive, Alpha-Beta T Cell Proliferation (GO:2000562)",0.187651806677766,0.9999942086337028,0,0,5.899659863945578,9.871116936192228,LGALS9B
GO_Biological_Process_2023,Negative Regulation Of RIG-I Signaling Pathway (GO:0039536),0.187651806677766,0.9999942086337028,0,0,5.899659863945578,9.871116936192228,GPATCH3
GO_Biological_Process_2023,Negative Regulation Of Digestive System Process (GO:0060457),0.187651806677766,0.9999942086337028,0,0,5.899659863945578,9.871116936192228,TFF2
GO_Biological_Process_2023,Negative Regulation Of Double-Strand Break Repair Via Nonhomologous End Joining (GO:2001033),0.187651806677766,0.9999942086337028,0,0,5.899659863945578,9.871116936192228,HSF1
GO_Biological_Process_2023,Negative Regulation Of Lipoprotein Particle Clearance (GO:0010985),0.187651806677766,0.9999942086337028,0,0,5.899659863945578,9.871116936192228,LRPAP1
GO_Biological_Process_2023,Negative Regulation Of Protein Kinase Activity By Regulation Of Protein Phosphorylation (GO:0044387),0.187651806677766,0.9999942086337028,0,0,5.899659863945578,9.871116936192228,CDK5RAP3
GO_Biological_Process_2023,Negative Regulation Of Protein Localization To Chromatin (GO:0120186),0.187651806677766,0.9999942086337028,0,0,5.899659863945578,9.871116936192228,VCP
GO_Biological_Process_2023,Negative Regulation Of Response To Type II Interferon (GO:0060331),0.187651806677766,0.9999942086337028,0,0,5.899659863945578,9.871116936192228,NR1H2
GO_Biological_Process_2023,Negative Regulation Of Type II Interferon-Mediated Signaling Pathway (GO:0060336),0.187651806677766,0.9999942086337028,0,0,5.899659863945578,9.871116936192228,NR1H2
GO_Biological_Process_2023,Nucleic Acid Transport (GO:0050657),0.187651806677766,0.9999942086337028,0,0,5.899659863945578,9.871116936192228,RBFOX1
GO_Biological_Process_2023,Nucleotide Catabolic Process (GO:0009166),0.187651806677766,0.9999942086337028,0,0,5.899659863945578,9.871116936192228,VCP
GO_Biological_Process_2023,Organic Hydroxy Compound Catabolic Process (GO:1901616),0.187651806677766,0.9999942086337028,0,0,5.899659863945578,9.871116936192228,LDHD
GO_Biological_Process_2023,Phosphatidylethanolamine Acyl-Chain Remodeling (GO:0036152),0.187651806677766,0.9999942086337028,0,0,5.899659863945578,9.871116936192228,MBOAT1
GO_Biological_Process_2023,Positive Regulation Of I-kappaB Phosphorylation (GO:1903721),0.187651806677766,0.9999942086337028,0,0,5.899659863945578,9.871116936192228,DDRGK1
GO_Biological_Process_2023,Positive Regulation Of Amyloid-Beta Clearance (GO:1900223),0.187651806677766,0.9999942086337028,0,0,5.899659863945578,9.871116936192228,LRPAP1
GO_Biological_Process_2023,Positive Regulation Of Cell-Cell Adhesion Mediated By Integrin (GO:0033634),0.187651806677766,0.9999942086337028,0,0,5.899659863945578,9.871116936192228,CD3E
GO_Biological_Process_2023,Positive Regulation Of Intracellular Estrogen Receptor Signaling Pathway (GO:0033148),0.187651806677766,0.9999942086337028,0,0,5.899659863945578,9.871116936192228,PAGR1
GO_Biological_Process_2023,Positive Regulation Of Intracellular Steroid Hormone Receptor Signaling Pathway (GO:0033145),0.187651806677766,0.9999942086337028,0,0,5.899659863945578,9.871116936192228,PAGR1
GO_Biological_Process_2023,Positive Regulation Of Microglial Cell Migration (GO:1904141),0.187651806677766,0.9999942086337028,0,0,5.899659863945578,9.871116936192228,P2RY12
GO_Biological_Process_2023,Positive Regulation Of Natural Killer Cell Cytokine Production (GO:0002729),0.187651806677766,0.9999942086337028,0,0,5.899659863945578,9.871116936192228,HLA-G
GO_Biological_Process_2023,Positive Regulation Of Necrotic Cell Death (GO:0010940),0.187651806677766,0.9999942086337028,0,0,5.899659863945578,9.871116936192228,MT3
GO_Biological_Process_2023,Positive Regulation Of Ryanodine-Sensitive Calcium-Release Channel Activity (GO:0060316),0.187651806677766,0.9999942086337028,0,0,5.899659863945578,9.871116936192228,GSTM2
GO_Biological_Process_2023,Positive Regulation Of Sterol Transport (GO:0032373),0.187651806677766,0.9999942086337028,0,0,5.899659863945578,9.871116936192228,NR1H2
GO_Biological_Process_2023,Primary Alcohol Catabolic Process (GO:0034310),0.187651806677766,0.9999942086337028,0,0,5.899659863945578,9.871116936192228,SULT1A2
GO_Biological_Process_2023,Protein Localization To Nucleolus (GO:1902570),0.187651806677766,0.9999942086337028,0,0,5.899659863945578,9.871116936192228,RRP7A
GO_Biological_Process_2023,Protein Localization To Perinuclear Region Of Cytoplasm (GO:1905719),0.187651806677766,0.9999942086337028,0,0,5.899659863945578,9.871116936192228,SQSTM1
GO_Biological_Process_2023,Protein Targeting To Vacuole Involved In Autophagy (GO:0071211),0.187651806677766,0.9999942086337028,0,0,5.899659863945578,9.871116936192228,SQSTM1
GO_Biological_Process_2023,Protein Ufmylation (GO:0071569),0.187651806677766,0.9999942086337028,0,0,5.899659863945578,9.871116936192228,DDRGK1
GO_Biological_Process_2023,protein-DNA Covalent Cross-Linking Repair (GO:0106300),0.187651806677766,0.9999942086337028,0,0,5.899659863945578,9.871116936192228,VCP
GO_Biological_Process_2023,Proton-Transporting ATP Synthase Complex Assembly (GO:0043461),0.187651806677766,0.9999942086337028,0,0,5.899659863945578,9.871116936192228,OXA1L
GO_Biological_Process_2023,Regulation Of ATPase-coupled Calcium Transmembrane Transporter Activity (GO:1901894),0.187651806677766,0.9999942086337028,0,0,5.899659863945578,9.871116936192228,TLR9
GO_Biological_Process_2023,Regulation Of Blood Vessel Remodeling (GO:0060312),0.187651806677766,0.9999942086337028,0,0,5.899659863945578,9.871116936192228,CST3
GO_Biological_Process_2023,Positive Regulation Of Cell Cycle G1/S Phase Transition (GO:1902808),0.1898777536515316,0.9999942086337028,0,0,2.0848223248343705,3.463671305746239,PAGR1;DDRGK1;PHB2
GO_Biological_Process_2023,Cell Morphogenesis Involved In Neuron Differentiation (GO:0048667),0.19313263666122127,0.9999942086337028,0,0,1.8182774490466798,2.989935597898023,RAB3A;APBB1;S100B;LLGL1
GO_Biological_Process_2023,Regulation Of Notch Signaling Pathway (GO:0008593),0.19313263666122127,0.9999942086337028,0,0,1.8182774490466798,2.989935597898023,CDK3;RITA1;WNT1;LLGL1
GO_Biological_Process_2023,Regulation Of Cholesterol Metabolic Process (GO:0090181),0.1947746149076531,0.9999942086337028,0,0,2.6238879424569372,4.2924503224248465,AQP8;CES1
GO_Biological_Process_2023,Regulation Of Chondrocyte Differentiation (GO:0032330),0.1947746149076531,0.9999942086337028,0,0,2.6238879424569372,4.2924503224248465,CHADL;ZBTB16
GO_Biological_Process_2023,Regulation Of Nitric-Oxide Synthase Activity (GO:0050999),0.1947746149076531,0.9999942086337028,0,0,2.6238879424569372,4.2924503224248465,NOS1AP;NOSIP
GO_Biological_Process_2023,Glycerophospholipid Catabolic Process (GO:0046475),0.1947746149076531,0.9999942086337028,0,0,2.6238879424569372,4.2924503224248465,LIPC;ABHD16A
GO_Biological_Process_2023,Nucleic Acid Phosphodiester Bond Hydrolysis (GO:0090305),0.1947746149076531,0.9999942086337028,0,0,2.6238879424569372,4.2924503224248465,EDC4;RNASE1
GO_Biological_Process_2023,Positive Regulation Of Cholesterol Efflux (GO:0010875),0.1947746149076531,0.9999942086337028,0,0,2.6238879424569372,4.2924503224248465,NR1H2;CES1
GO_Biological_Process_2023,Aerobic Respiration (GO:0009060),0.20155168822146982,0.9999942086337028,0,0,1.7838413159167876,2.857195427469913,OXA1L;NDUFB9;NDUFB6;ME3
GO_Biological_Process_2023,Regulation Of Intracellular Estrogen Receptor Signaling Pathway (GO:0033146),0.209829117734061,0.9999942086337028,0,0,2.4856092531157534,3.881183909886986,PAGR1;DDRGK1
GO_Biological_Process_2023,Activation Of Phospholipase C Activity (GO:0007202),0.209829117734061,0.9999942086337028,0,0,2.4856092531157534,3.881183909886986,P2RY12;PHB2
GO_Biological_Process_2023,Regulation Of Mitochondrial Translation (GO:0070129),0.209829117734061,0.9999942086337028,0,0,2.4856092531157534,3.881183909886986,NGRN;MTG1
GO_Biological_Process_2023,"Maturation Of 5.8S rRNA From Tricistronic rRNA Transcript (SSU-rRNA, 5.8S rRNA, LSU-rRNA) (GO:0000466)",0.209829117734061,0.9999942086337028,0,0,2.4856092531157534,3.881183909886986,LTB4R2;PES1
GO_Biological_Process_2023,Muscle Cell Differentiation (GO:0042692),0.209829117734061,0.9999942086337028,0,0,2.4856092531157534,3.881183909886986,LBX2;ACTN2
GO_Biological_Process_2023,Negative Regulation Of Notch Signaling Pathway (GO:0045746),0.209829117734061,0.9999942086337028,0,0,2.4856092531157534,3.881183909886986,CDK3;RITA1
GO_Biological_Process_2023,Positive Regulation Of Natural Killer Cell Mediated Immunity (GO:0002717),0.209829117734061,0.9999942086337028,0,0,2.4856092531157534,3.881183909886986,KLRC3;HLA-G
GO_Biological_Process_2023,Cholesterol Transport (GO:0030301),0.21100466218572123,0.9999942086337028,0,0,1.9687144482366326,3.0630736907497904,LIPC;APOM;CES1
GO_Biological_Process_2023,Nucleobase-Containing Compound Catabolic Process (GO:0034655),0.21100466218572123,0.9999942086337028,0,0,1.9687144482366326,3.0630736907497904,EXOSC5;EXOSC4;TREX1
GO_Biological_Process_2023,Regulation Of Collagen Fibril Organization (GO:1904026),0.22073203552275944,0.9999942086337028,0,0,4.719387755102041,7.1300784971314926,CHADL
GO_Biological_Process_2023,Regulation Of Glycoprotein Biosynthetic Process (GO:0010559),0.22073203552275944,0.9999942086337028,0,0,4.719387755102041,7.1300784971314926,ACER2
GO_Biological_Process_2023,Regulation Of Interleukin-18 Production (GO:0032661),0.22073203552275944,0.9999942086337028,0,0,4.719387755102041,7.1300784971314926,TLR9
GO_Biological_Process_2023,Wnt Signaling Pathway Involved In Midbrain Dopaminergic Neuron Differentiation (GO:1904953),0.22073203552275944,0.9999942086337028,0,0,4.719387755102041,7.1300784971314926,WNT1
GO_Biological_Process_2023,Regulation Of Metallopeptidase Activity (GO:1905048),0.22073203552275944,0.9999942086337028,0,0,4.719387755102041,7.1300784971314926,DDRGK1
GO_Biological_Process_2023,Regulation Of Microglial Cell Migration (GO:1904139),0.22073203552275944,0.9999942086337028,0,0,4.719387755102041,7.1300784971314926,P2RY12
GO_Biological_Process_2023,Regulation Of Nitric Oxide Metabolic Process (GO:0080164),0.22073203552275944,0.9999942086337028,0,0,4.719387755102041,7.1300784971314926,NOS1AP
GO_Biological_Process_2023,Cellular Response To Laminar Fluid Shear Stress (GO:0071499),0.22073203552275944,0.9999942086337028,0,0,4.719387755102041,7.1300784971314926,MAP2K5
GO_Biological_Process_2023,Cellular Response To Leptin Stimulus (GO:0044320),0.22073203552275944,0.9999942086337028,0,0,4.719387755102041,7.1300784971314926,MT3
GO_Biological_Process_2023,Selenocysteine Incorporation (GO:0001514),0.22073203552275944,0.9999942086337028,0,0,4.719387755102041,7.1300784971314926,EEFSEC
GO_Biological_Process_2023,Sensory Perception Of Taste (GO:0050909),0.22073203552275944,0.9999942086337028,0,0,4.719387755102041,7.1300784971314926,SCNN1B
GO_Biological_Process_2023,Establishment Of Golgi Localization (GO:0051683),0.22073203552275944,0.9999942086337028,0,0,4.719387755102041,7.1300784971314926,SLC9A3R1
GO_Biological_Process_2023,"Synaptic Transmission, Glutamatergic (GO:0035249)",0.22073203552275944,0.9999942086337028,0,0,4.719387755102041,7.1300784971314926,NAPA
GO_Biological_Process_2023,tRNA 3'-End Processing (GO:0042780),0.22073203552275944,0.9999942086337028,0,0,4.719387755102041,7.1300784971314926,ELAC2
GO_Biological_Process_2023,Gland Morphogenesis (GO:0022612),0.22073203552275944,0.9999942086337028,0,0,4.719387755102041,7.1300784971314926,SLC9A3R1
GO_Biological_Process_2023,Translational Readthrough (GO:0006451),0.22073203552275944,0.9999942086337028,0,0,4.719387755102041,7.1300784971314926,EEFSEC
GO_Biological_Process_2023,Triglyceride-Rich Lipoprotein Particle Remodeling (GO:0034370),0.22073203552275944,0.9999942086337028,0,0,4.719387755102041,7.1300784971314926,LIPC
GO_Biological_Process_2023,Glycogen Catabolic Process (GO:0005980),0.22073203552275944,0.9999942086337028,0,0,4.719387755102041,7.1300784971314926,STBD1
GO_Biological_Process_2023,Very-Low-Density Lipoprotein Particle Remodeling (GO:0034372),0.22073203552275944,0.9999942086337028,0,0,4.719387755102041,7.1300784971314926,LIPC
GO_Biological_Process_2023,Locomotor Rhythm (GO:0045475),0.22073203552275944,0.9999942086337028,0,0,4.719387755102041,7.1300784971314926,USP2
GO_Biological_Process_2023,Low-Density Lipoprotein Particle Remodeling (GO:0034374),0.22073203552275944,0.9999942086337028,0,0,4.719387755102041,7.1300784971314926,LIPC
GO_Biological_Process_2023,Maintenance Of Synapse Structure (GO:0099558),0.22073203552275944,0.9999942086337028,0,0,4.719387755102041,7.1300784971314926,RAB3A
GO_Biological_Process_2023,Malate Metabolic Process (GO:0006108),0.22073203552275944,0.9999942086337028,0,0,4.719387755102041,7.1300784971314926,ME3
GO_Biological_Process_2023,Mesonephros Development (GO:0001823),0.22073203552275944,0.9999942086337028,0,0,4.719387755102041,7.1300784971314926,ZBTB16
GO_Biological_Process_2023,Negative Regulation Of Membrane Protein Ectodomain Proteolysis (GO:0051045),0.22073203552275944,0.9999942086337028,0,0,4.719387755102041,7.1300784971314926,TIMP4
GO_Biological_Process_2023,Negative Regulation Of Monooxygenase Activity (GO:0032769),0.22073203552275944,0.9999942086337028,0,0,4.719387755102041,7.1300784971314926,NOSIP
GO_Biological_Process_2023,"Nuclear-Transcribed mRNA Catabolic Process, Deadenylation-Independent Decay (GO:0031086)",0.22073203552275944,0.9999942086337028,0,0,4.719387755102041,7.1300784971314926,EDC4
GO_Biological_Process_2023,Phosphatidylserine Acyl-Chain Remodeling (GO:0036150),0.22073203552275944,0.9999942086337028,0,0,4.719387755102041,7.1300784971314926,MBOAT1
GO_Biological_Process_2023,Positive Regulation Of Autophagosome Maturation (GO:1901098),0.22073203552275944,0.9999942086337028,0,0,4.719387755102041,7.1300784971314926,TOM1
GO_Biological_Process_2023,Positive Regulation Of Membrane Potential (GO:0045838),0.22073203552275944,0.9999942086337028,0,0,4.719387755102041,7.1300784971314926,VCP
GO_Biological_Process_2023,Positive Regulation Of Plasminogen Activation (GO:0010756),0.22073203552275944,0.9999942086337028,0,0,4.719387755102041,7.1300784971314926,CLEC3B
GO_Biological_Process_2023,Positive Regulation Of Voltage-Gated Potassium Channel Activity (GO:1903818),0.22073203552275944,0.9999942086337028,0,0,4.719387755102041,7.1300784971314926,NOS1AP
GO_Biological_Process_2023,Protein K29-linked Ubiquitination (GO:0035519),0.22073203552275944,0.9999942086337028,0,0,4.719387755102041,7.1300784971314926,RNF167
GO_Biological_Process_2023,Protein Deglycosylation (GO:0006517),0.22073203552275944,0.9999942086337028,0,0,4.719387755102041,7.1300784971314926,MAN2B1
GO_Biological_Process_2023,Purine Nucleotide Catabolic Process (GO:0006195),0.22073203552275944,0.9999942086337028,0,0,4.719387755102041,7.1300784971314926,NUDT17
GO_Biological_Process_2023,Pyrimidine Ribonucleotide Biosynthetic Process (GO:0009220),0.22073203552275944,0.9999942086337028,0,0,4.719387755102041,7.1300784971314926,DHODH
GO_Biological_Process_2023,Regulation Of I-kappaB Phosphorylation (GO:1903719),0.22073203552275944,0.9999942086337028,0,0,4.719387755102041,7.1300784971314926,DDRGK1
GO_Biological_Process_2023,Regulation Of T Cell Tolerance Induction (GO:0002664),0.22073203552275944,0.9999942086337028,0,0,4.719387755102041,7.1300784971314926,HLA-G
GO_Biological_Process_2023,Regulation Of T-helper 1 Cell Differentiation (GO:0045625),0.22073203552275944,0.9999942086337028,0,0,4.719387755102041,7.1300784971314926,MYDGF
GO_Biological_Process_2023,Regulation Of T-helper 1 Type Immune Response (GO:0002825),0.22073203552275944,0.9999942086337028,0,0,4.719387755102041,7.1300784971314926,MYDGF
GO_Biological_Process_2023,Regulation Of T-helper Cell Differentiation (GO:0045622),0.22073203552275944,0.9999942086337028,0,0,4.719387755102041,7.1300784971314926,MYDGF
GO_Biological_Process_2023,Regulation Of TORC2 Signaling (GO:1903939),0.22073203552275944,0.9999942086337028,0,0,4.719387755102041,7.1300784971314926,PIH1D1
GO_Biological_Process_2023,Regulation Of Actin Filament Length (GO:0030832),0.22073203552275944,0.9999942086337028,0,0,4.719387755102041,7.1300784971314926,TMSB4Y
GO_Biological_Process_2023,Regulation Of Calcium Ion Transmembrane Transport Via High Voltage-Gated Calcium Channel (GO:1902514),0.22073203552275944,0.9999942086337028,0,0,4.719387755102041,7.1300784971314926,NOS1AP
GO_Biological_Process_2023,Defense Response To Gram-positive Bacterium (GO:0050830),0.22175431164472306,0.9999942086337028,0,0,1.9153675860160502,2.884898337934683,TRAV27;NLRP6;RNASE1
GO_Biological_Process_2023,Negative Regulation Of Immune System Process (GO:0002683),0.22175431164472306,0.9999942086337028,0,0,1.9153675860160502,2.884898337934683,NFKBIL1;TLR9;HLA-G
GO_Biological_Process_2023,Positive Regulation Of TOR Signaling (GO:0032008),0.22175431164472306,0.9999942086337028,0,0,1.9153675860160502,2.884898337934683,RNF167;PIH1D1;CLEC16A
GO_Biological_Process_2023,Mitochondrial Gene Expression (GO:0140053),0.2223580137371168,0.9999942086337028,0,0,1.509360972227291,2.269273690725435,MRPS24;MTG1;MRPL38;MRPS18A;MRPL24;MRPL21
GO_Biological_Process_2023,Regulation Of Long-Term Synaptic Potentiation (GO:1900271),0.22499412298344124,0.9999942086337028,0,0,2.361158432708688,3.52209516543225,CHRNA7;SQSTM1
GO_Biological_Process_2023,Regulation Of Regulated Secretory Pathway (GO:1903305),0.22499412298344124,0.9999942086337028,0,0,2.361158432708688,3.52209516543225,RPH3AL;RAB3A
GO_Biological_Process_2023,mRNA Splice Site Recognition (GO:0006376),0.22499412298344124,0.9999942086337028,0,0,2.361158432708688,3.52209516543225,SF3A2;PUF60
GO_Biological_Process_2023,Autophagosome Assembly (GO:0000045),0.22742315100691712,0.9999942086337028,0,0,1.687912087912088,2.4997014147028853,RAB43;TOM1;MAP1LC3B2;GABARAP
GO_Biological_Process_2023,Negative Regulation Of Cellular Component Organization (GO:0051129),0.22742315100691712,0.9999942086337028,0,0,1.687912087912088,2.4997014147028853,RTEL1;APOM;HSF1;LCMT1
GO_Biological_Process_2023,Negative Regulation Of Catabolic Process (GO:0009895),0.2362287153059165,0.9999942086337028,0,0,1.6581796371270054,2.392678284248286,BSCL2;CST3;CYP51A1;CDK5RAP3
GO_Biological_Process_2023,Regulation Of Macrophage Derived Foam Cell Differentiation (GO:0010743),0.24023575681107898,0.9999942086337028,0,0,2.24856007138801,3.2067491330511624,NR1H2;ALOX15B
GO_Biological_Process_2023,Secondary Alcohol Biosynthetic Process (GO:1902653),0.24023575681107898,0.9999942086337028,0,0,2.24856007138801,3.2067491330511624,CYP51A1;CES1
GO_Biological_Process_2023,Negative Regulation Of Calcium Ion Transmembrane Transporter Activity (GO:1901020),0.24023575681107898,0.9999942086337028,0,0,2.24856007138801,3.2067491330511624,GSTM2;TLR9
GO_Biological_Process_2023,Neuropeptide Signaling Pathway (GO:0007218),0.24023575681107898,0.9999942086337028,0,0,2.24856007138801,3.2067491330511624,LTB4R2;PTGDR2
GO_Biological_Process_2023,Positive Regulation Of Peptidase Activity (GO:0010952),0.24023575681107898,0.9999942086337028,0,0,2.24856007138801,3.2067491330511624,VCP;DDRGK1
GO_Biological_Process_2023,Cellular Respiration (GO:0045333),0.241411868298439,0.9999942086337028,0,0,1.534758050169009,2.1812761174696633,OXA1L;NDUFB9;NDUFB6;ME3;CYC1
GO_Biological_Process_2023,Regulation Of TORC1 Signaling (GO:1903432),0.24355923909471,0.9999942086337028,0,0,1.8168810711472827,2.5661538937271122,RNF167;PIH1D1;CLEC16A
GO_Biological_Process_2023,Ribosome Biogenesis (GO:0042254),0.24443867253630863,0.9999942086337028,0,0,1.3711491930454738,1.931662409178906,RRP7A;EXOSC5;EXOSC4;NOP16;PIH1D1;PES1;WDR18;PWP2
GO_Biological_Process_2023,Regulation Of Coagulation (GO:0050818),0.25246737340150704,0.9999942086337028,0,0,3.9325396825396823,5.413035688854194,PROCR
GO_Biological_Process_2023,Regulation Of Complement Activation (GO:0030449),0.25246737340150704,0.9999942086337028,0,0,3.9325396825396823,5.413035688854194,PHB2
GO_Biological_Process_2023,DNA Dealkylation (GO:0035510),0.25246737340150704,0.9999942086337028,0,0,3.9325396825396823,5.413035688854194,ALKBH3
GO_Biological_Process_2023,DNA Dealkylation Involved In DNA Repair (GO:0006307),0.25246737340150704,0.9999942086337028,0,0,3.9325396825396823,5.413035688854194,ALKBH3
GO_Biological_Process_2023,Regulation Of Cytoplasmic Translational Elongation (GO:1900247),0.25246737340150704,0.9999942086337028,0,0,3.9325396825396823,5.413035688854194,DPH1
GO_Biological_Process_2023,DNA Ligation (GO:0006266),0.25246737340150704,0.9999942086337028,0,0,3.9325396825396823,5.413035688854194,NHEJ1
GO_Biological_Process_2023,Regulation Of High Voltage-Gated Calcium Channel Activity (GO:1901841),0.25246737340150704,0.9999942086337028,0,0,3.9325396825396823,5.413035688854194,NOS1AP
GO_Biological_Process_2023,TRIF-dependent Toll-Like Receptor Signaling Pathway (GO:0035666),0.25246737340150704,0.9999942086337028,0,0,3.9325396825396823,5.413035688854194,TICAM2
GO_Biological_Process_2023,Regulation Of Lipid Transport (GO:0032368),0.25246737340150704,0.9999942086337028,0,0,3.9325396825396823,5.413035688854194,NR1H2
GO_Biological_Process_2023,Ammonium Transmembrane Transport (GO:0072488),0.25246737340150704,0.9999942086337028,0,0,3.9325396825396823,5.413035688854194,AQP8
GO_Biological_Process_2023,Regulation Of Mitochondrial Gene Expression (GO:0062125),0.25246737340150704,0.9999942086337028,0,0,3.9325396825396823,5.413035688854194,MTG1
GO_Biological_Process_2023,Regulation Of Necrotic Cell Death (GO:0010939),0.25246737340150704,0.9999942086337028,0,0,3.9325396825396823,5.413035688854194,MT3
GO_Biological_Process_2023,Autophagosome-Lysosome Fusion (GO:0061909),0.25246737340150704,0.9999942086337028,0,0,3.9325396825396823,5.413035688854194,TOM1
GO_Biological_Process_2023,Box C/D snoRNP Assembly (GO:0000492),0.25246737340150704,0.9999942086337028,0,0,3.9325396825396823,5.413035688854194,PIH1D1
GO_Biological_Process_2023,Regulation Of Protein Glycosylation (GO:0060049),0.25246737340150704,0.9999942086337028,0,0,3.9325396825396823,5.413035688854194,ACER2
GO_Biological_Process_2023,Regulation Of Sequestering Of Calcium Ion (GO:0051282),0.25246737340150704,0.9999942086337028,0,0,3.9325396825396823,5.413035688854194,LIME1
GO_Biological_Process_2023,Cellular Response To Purine-Containing Compound (GO:0071415),0.25246737340150704,0.9999942086337028,0,0,3.9325396825396823,5.413035688854194,GSTM2
GO_Biological_Process_2023,Regulation Of Vesicle Fusion (GO:0031338),0.25246737340150704,0.9999942086337028,0,0,3.9325396825396823,5.413035688854194,RAB3A
GO_Biological_Process_2023,Sequestering Of Actin Monomers (GO:0042989),0.25246737340150704,0.9999942086337028,0,0,3.9325396825396823,5.413035688854194,TMSB4Y
GO_Biological_Process_2023,"Endonucleolytic Cleavage In ITS1 To Separate SSU-rRNA From 5.8S rRNA And LSU-rRNA From Tricistronic rRNA Transcript (SSU-rRNA, 5.8S rRNA, LSU-rRNA) (GO:0000447)",0.25246737340150704,0.9999942086337028,0,0,3.9325396825396823,5.413035688854194,LTB4R2
GO_Biological_Process_2023,Somatic Hypermutation Of Immunoglobulin Genes (GO:0016446),0.25246737340150704,0.9999942086337028,0,0,3.9325396825396823,5.413035688854194,PMS2
GO_Biological_Process_2023,Establishment Of Protein Localization To Peroxisome (GO:0072663),0.25246737340150704,0.9999942086337028,0,0,3.9325396825396823,5.413035688854194,PEX16
GO_Biological_Process_2023,Ethanol Metabolic Process (GO:0006067),0.25246737340150704,0.9999942086337028,0,0,3.9325396825396823,5.413035688854194,SULT1A2
GO_Biological_Process_2023,Surfactant Homeostasis (GO:0043129),0.25246737340150704,0.9999942086337028,0,0,3.9325396825396823,5.413035688854194,NAPSA
GO_Biological_Process_2023,Folic Acid Transport (GO:0015884),0.25246737340150704,0.9999942086337028,0,0,3.9325396825396823,5.413035688854194,SLC25A32
GO_Biological_Process_2023,Ganglion Development (GO:0061548),0.25246737340150704,0.9999942086337028,0,0,3.9325396825396823,5.413035688854194,TUBB3
GO_Biological_Process_2023,Triglyceride Catabolic Process (GO:0019433),0.25246737340150704,0.9999942086337028,0,0,3.9325396825396823,5.413035688854194,LIPC
GO_Biological_Process_2023,Granulocyte Migration (GO:0097530),0.25246737340150704,0.9999942086337028,0,0,3.9325396825396823,5.413035688854194,CD177
GO_Biological_Process_2023,High-Density Lipoprotein Particle Assembly (GO:0034380),0.25246737340150704,0.9999942086337028,0,0,3.9325396825396823,5.413035688854194,APOM
GO_Biological_Process_2023,Immune Response-Inhibiting Cell Surface Receptor Signaling Pathway (GO:0002767),0.25246737340150704,0.9999942086337028,0,0,3.9325396825396823,5.413035688854194,HLA-G
GO_Biological_Process_2023,Leptin-Mediated Signaling Pathway (GO:0033210),0.25246737340150704,0.9999942086337028,0,0,3.9325396825396823,5.413035688854194,MT3
GO_Biological_Process_2023,Maintenance Of Apical/Basal Cell Polarity (GO:0035090),0.25246737340150704,0.9999942086337028,0,0,3.9325396825396823,5.413035688854194,SLC9A3R1
GO_Biological_Process_2023,Maintenance Of Epithelial Cell Apical/Basal Polarity (GO:0045199),0.25246737340150704,0.9999942086337028,0,0,3.9325396825396823,5.413035688854194,SLC9A3R1
GO_Biological_Process_2023,Midbrain Dopaminergic Neuron Differentiation (GO:1904948),0.25246737340150704,0.9999942086337028,0,0,3.9325396825396823,5.413035688854194,WNT1
GO_Biological_Process_2023,Multi-Pass Transmembrane Protein Insertion Into ER Membrane (GO:0160063),0.25246737340150704,0.9999942086337028,0,0,3.9325396825396823,5.413035688854194,NOMO2
GO_Biological_Process_2023,Negative Regulation Of T Cell Mediated Cytotoxicity (GO:0001915),0.25246737340150704,0.9999942086337028,0,0,3.9325396825396823,5.413035688854194,HLA-G
GO_Biological_Process_2023,Negative Regulation Of Adenylate Cyclase Activity (GO:0007194),0.25246737340150704,0.9999942086337028,0,0,3.9325396825396823,5.413035688854194,LTB4R2
GO_Biological_Process_2023,Negative Regulation Of Amyloid-Beta Clearance (GO:1900222),0.25246737340150704,0.9999942086337028,0,0,3.9325396825396823,5.413035688854194,LRPAP1
GO_Biological_Process_2023,Negative Regulation Of Cyclase Activity (GO:0031280),0.25246737340150704,0.9999942086337028,0,0,3.9325396825396823,5.413035688854194,LTB4R2
GO_Biological_Process_2023,Negative Regulation Of Lipopolysaccharide-Mediated Signaling Pathway (GO:0031665),0.25246737340150704,0.9999942086337028,0,0,3.9325396825396823,5.413035688854194,NFKBIL1
GO_Biological_Process_2023,Negative Regulation Of Protein K63-linked Ubiquitination (GO:1900045),0.25246737340150704,0.9999942086337028,0,0,3.9325396825396823,5.413035688854194,OTUB1
GO_Biological_Process_2023,Negative Regulation Of Response To Cytokine Stimulus (GO:0060761),0.25246737340150704,0.9999942086337028,0,0,3.9325396825396823,5.413035688854194,MAP2K5
GO_Biological_Process_2023,Oligosaccharide Catabolic Process (GO:0009313),0.25246737340150704,0.9999942086337028,0,0,3.9325396825396823,5.413035688854194,IDNK
GO_Biological_Process_2023,Phosphatidylcholine Catabolic Process (GO:0034638),0.25246737340150704,0.9999942086337028,0,0,3.9325396825396823,5.413035688854194,LIPC
GO_Biological_Process_2023,Positive Regulation Of ATP Biosynthetic Process (GO:2001171),0.25246737340150704,0.9999942086337028,0,0,3.9325396825396823,5.413035688854194,VCP
GO_Biological_Process_2023,Positive Regulation Of Chondrocyte Differentiation (GO:0032332),0.25246737340150704,0.9999942086337028,0,0,3.9325396825396823,5.413035688854194,ZBTB16
GO_Biological_Process_2023,Positive Regulation Of Dendritic Cell Cytokine Production (GO:0002732),0.25246737340150704,0.9999942086337028,0,0,3.9325396825396823,5.413035688854194,TICAM2
GO_Biological_Process_2023,Positive Regulation Of Glial Cell Migration (GO:1903977),0.25246737340150704,0.9999942086337028,0,0,3.9325396825396823,5.413035688854194,P2RY12
GO_Biological_Process_2023,Positive Regulation Of Hippo Signaling (GO:0035332),0.25246737340150704,0.9999942086337028,0,0,3.9325396825396823,5.413035688854194,IQCJ-SCHIP1
GO_Biological_Process_2023,Positive Regulation Of Vascular Endothelial Growth Factor Receptor Signaling Pathway (GO:0030949),0.25246737340150704,0.9999942086337028,0,0,3.9325396825396823,5.413035688854194,MT3
GO_Biological_Process_2023,Postsynapse Organization (GO:0099173),0.25246737340150704,0.9999942086337028,0,0,3.9325396825396823,5.413035688854194,CHRNA7
GO_Biological_Process_2023,Protein O-linked Glycosylation Via Threonine (GO:0018243),0.25246737340150704,0.9999942086337028,0,0,3.9325396825396823,5.413035688854194,GALNT4
GO_Biological_Process_2023,rRNA Pseudouridine Synthesis (GO:0031118),0.25246737340150704,0.9999942086337028,0,0,3.9325396825396823,5.413035688854194,NHP2
GO_Biological_Process_2023,Fatty Acid Biosynthetic Process (GO:0006633),0.2545887795540987,0.9999942086337028,0,0,1.7713310580204777,2.4233680545535186,LIPC;ALOX15;MCAT
GO_Biological_Process_2023,Antigen Processing And Presentation Of Exogenous Peptide Antigen Via MHC Class II (GO:0019886),0.25552271142960525,0.9999942086337028,0,0,2.146197924732848,2.9283668450581137,HLA-DRB5;HLA-DQA2
GO_Biological_Process_2023,Antigen Processing And Presentation Of Peptide Antigen Via MHC Class II (GO:0002495),0.25552271142960525,0.9999942086337028,0,0,2.146197924732848,2.9283668450581137,HLA-DRB5;HLA-DQA2
GO_Biological_Process_2023,Cholesterol Biosynthetic Process (GO:0006695),0.25552271142960525,0.9999942086337028,0,0,2.146197924732848,2.9283668450581137,CYP51A1;CES1
GO_Biological_Process_2023,Sensory Perception (GO:0007600),0.25552271142960525,0.9999942086337028,0,0,2.146197924732848,2.9283668450581137,ADORA2A;CHRNA7
GO_Biological_Process_2023,Negative Regulation Of Developmental Growth (GO:0048640),0.25552271142960525,0.9999942086337028,0,0,2.146197924732848,2.9283668450581137,GDF15;MT3
GO_Biological_Process_2023,Negative Regulation Of Protein Polymerization (GO:0032272),0.25552271142960525,0.9999942086337028,0,0,2.146197924732848,2.9283668450581137,CLIP3;TUBB4A
GO_Biological_Process_2023,Protein Methylation (GO:0006479),0.25552271142960525,0.9999942086337028,0,0,2.146197924732848,2.9283668450581137,METTL22;LCMT1
GO_Biological_Process_2023,MAPK Cascade (GO:0000165),0.25679093546547893,0.9999942086337028,0,0,1.4956866655106642,2.0333755606613995,PPP5C;HSF1;RCE1;MT3;MAP2K5
GO_Biological_Process_2023,Fatty Acid Oxidation (GO:0019395),0.2656864593567146,0.9999942086337028,0,0,1.728002996753517,2.2903615093534455,ILVBL;ALOX15;MCAT
GO_Biological_Process_2023,Regulation Of Epidermal Growth Factor-Activated Receptor Activity (GO:0007176),0.2708260928912553,0.9999942086337028,0,0,2.0527368343085697,2.6814457623826904,EPGN;ZGPAT
GO_Biological_Process_2023,Aerobic Electron Transport Chain (GO:0019646),0.27217789533800457,0.9999942086337028,0,0,1.5489981785063753,2.015710399502407,NDUFB9;NDUFB6;CYC1;UQCRHL
GO_Biological_Process_2023,Golgi To Plasma Membrane Transport (GO:0006893),0.27684030098491347,0.9999942086337028,0,0,1.6867381764992686,2.1663022468301607,KRT18;CCDC22;LLGL1
GO_Biological_Process_2023,Negative Regulation Of Cysteine-Type Endopeptidase Activity (GO:2000117),0.27684030098491347,0.9999942086337028,0,0,1.6867381764992686,2.1663022468301607,CST3;MT3;MAP2K5
GO_Biological_Process_2023,Regulation Of Protein Kinase B Signaling (GO:0051896),0.2769066156714165,0.9999942086337028,0,0,1.3901725355665422,1.785085739073574,P2RY12;SLC9A3R1;MYDGF;F10;GDF15;HLA-G
GO_Biological_Process_2023,Mitochondrial ATP Synthesis Coupled Electron Transport (GO:0042775),0.2813135599764347,0.9999942086337028,0,0,1.523904052936311,1.932745200335495,NDUFB9;NDUFB6;CYC1;UQCRHL
GO_Biological_Process_2023,C-terminal Protein Amino Acid Modification (GO:0018410),0.2829124076860888,0.9999942086337028,0,0,3.370505344995141,4.255660524640706,LCMT1
GO_Biological_Process_2023,ER-associated Misfolded Protein Catabolic Process (GO:0071712),0.2829124076860888,0.9999942086337028,0,0,3.370505344995141,4.255660524640706,VCP
GO_Biological_Process_2023,Regulation Of Epidermis Development (GO:0045682),0.2829124076860888,0.9999942086337028,0,0,3.370505344995141,4.255660524640706,NME2
GO_Biological_Process_2023,MyD88-independent Toll-Like Receptor Signaling Pathway (GO:0002756),0.2829124076860888,0.9999942086337028,0,0,3.370505344995141,4.255660524640706,TICAM2
GO_Biological_Process_2023,Regulation Of Macrophage Migration (GO:1905521),0.2829124076860888,0.9999942086337028,0,0,3.370505344995141,4.255660524640706,P2RY12
GO_Biological_Process_2023,Alpha-Amino Acid Biosynthetic Process (GO:1901607),0.2829124076860888,0.9999942086337028,0,0,3.370505344995141,4.255660524640706,ILVBL
GO_Biological_Process_2023,Amine Metabolic Process (GO:0009308),0.2829124076860888,0.9999942086337028,0,0,3.370505344995141,4.255660524640706,SULT1A2
GO_Biological_Process_2023,Regulation Of Mitotic Sister Chromatid Segregation (GO:0033047),0.2829124076860888,0.9999942086337028,0,0,3.370505344995141,4.255660524640706,LCMT1
GO_Biological_Process_2023,Autophagy Of Peroxisome (GO:0030242),0.2829124076860888,0.9999942086337028,0,0,3.370505344995141,4.255660524640706,SQSTM1
GO_Biological_Process_2023,Regulation Of Phospholipid Metabolic Process (GO:1903725),0.2829124076860888,0.9999942086337028,0,0,3.370505344995141,4.255660524640706,PHB2
GO_Biological_Process_2023,Regulation Of Pinocytosis (GO:0048548),0.2829124076860888,0.9999942086337028,0,0,3.370505344995141,4.255660524640706,NR1H2
GO_Biological_Process_2023,Carbohydrate Phosphorylation (GO:0046835),0.2829124076860888,0.9999942086337028,0,0,3.370505344995141,4.255660524640706,GNPTG
GO_Biological_Process_2023,Cellular Modified Amino Acid Catabolic Process (GO:0042219),0.2829124076860888,0.9999942086337028,0,0,3.370505344995141,4.255660524640706,ABHD16A
GO_Biological_Process_2023,Regulation Of Short-Term Neuronal Synaptic Plasticity (GO:0048172),0.2829124076860888,0.9999942086337028,0,0,3.370505344995141,4.255660524640706,RAB3A
GO_Biological_Process_2023,Regulation Of Sterol Biosynthetic Process (GO:0106118),0.2829124076860888,0.9999942086337028,0,0,3.370505344995141,4.255660524640706,AQP8
GO_Biological_Process_2023,Cellular Response To Muramyl Dipeptide (GO:0071225),0.2829124076860888,0.9999942086337028,0,0,3.370505344995141,4.255660524640706,LDOC1
GO_Biological_Process_2023,Regulation Of Viral-Induced Cytoplasmic Pattern Recognition Receptor Signaling Pathway (GO:0039531),0.2829124076860888,0.9999942086337028,0,0,3.370505344995141,4.255660524640706,TLR9
GO_Biological_Process_2023,Somatic Recombination Of Immunoglobulin Gene Segments (GO:0016447),0.2829124076860888,0.9999942086337028,0,0,3.370505344995141,4.255660524640706,NHEJ1
GO_Biological_Process_2023,Telomere Maintenance In Response To DNA Damage (GO:0043247),0.2829124076860888,0.9999942086337028,0,0,3.370505344995141,4.255660524640706,RTEL1
GO_Biological_Process_2023,Membrane Lipid Catabolic Process (GO:0046466),0.2829124076860888,0.9999942086337028,0,0,3.370505344995141,4.255660524640706,SMPD2
GO_Biological_Process_2023,Mitochondrial Ribosome Assembly (GO:0061668),0.2829124076860888,0.9999942086337028,0,0,3.370505344995141,4.255660524640706,NGRN
GO_Biological_Process_2023,Negative Regulation Of Alpha-Beta T Cell Proliferation (GO:0046642),0.2829124076860888,0.9999942086337028,0,0,3.370505344995141,4.255660524640706,LGALS9B
GO_Biological_Process_2023,Negative Regulation Of Coagulation (GO:0050819),0.2829124076860888,0.9999942086337028,0,0,3.370505344995141,4.255660524640706,PROCR
GO_Biological_Process_2023,Negative Regulation Of Heterotypic Cell-Cell Adhesion (GO:0034115),0.2829124076860888,0.9999942086337028,0,0,3.370505344995141,4.255660524640706,MAP2K5
GO_Biological_Process_2023,Negative Regulation Of Lipid Localization (GO:1905953),0.2829124076860888,0.9999942086337028,0,0,3.370505344995141,4.255660524640706,NR1H2
GO_Biological_Process_2023,Negative Regulation Of Phosphatidylinositol 3-Kinase Signaling (GO:0014067),0.2829124076860888,0.9999942086337028,0,0,3.370505344995141,4.255660524640706,SLC9A3R1
GO_Biological_Process_2023,Nucleoside Phosphate Biosynthetic Process (GO:1901293),0.2829124076860888,0.9999942086337028,0,0,3.370505344995141,4.255660524640706,NME2
GO_Biological_Process_2023,Nucleoside Triphosphate Metabolic Process (GO:0009141),0.2829124076860888,0.9999942086337028,0,0,3.370505344995141,4.255660524640706,NME2
GO_Biological_Process_2023,Peroxisomal Transport (GO:0043574),0.2829124076860888,0.9999942086337028,0,0,3.370505344995141,4.255660524640706,PEX16
GO_Biological_Process_2023,Peroxisome Fission (GO:0016559),0.2829124076860888,0.9999942086337028,0,0,3.370505344995141,4.255660524640706,PEX11G
GO_Biological_Process_2023,Positive Regulation Of ATP Metabolic Process (GO:1903580),0.2829124076860888,0.9999942086337028,0,0,3.370505344995141,4.255660524640706,VCP
GO_Biological_Process_2023,Positive Regulation Of mRNA 3'-End Processing (GO:0031442),0.2829124076860888,0.9999942086337028,0,0,3.370505344995141,4.255660524640706,HSF1
GO_Biological_Process_2023,Positive Regulation Of Macrophage Cytokine Production (GO:0060907),0.2829124076860888,0.9999942086337028,0,0,3.370505344995141,4.255660524640706,HLA-G
GO_Biological_Process_2023,Positive Regulation Of Protein Polyubiquitination (GO:1902916),0.2829124076860888,0.9999942086337028,0,0,3.370505344995141,4.255660524640706,GABARAP
GO_Biological_Process_2023,Positive Regulation Of Regulated Secretory Pathway (GO:1903307),0.2829124076860888,0.9999942086337028,0,0,3.370505344995141,4.255660524640706,RAB3A
GO_Biological_Process_2023,"Regulation Of CD4-positive, Alpha-Beta T Cell Proliferation (GO:2000561)",0.2829124076860888,0.9999942086337028,0,0,3.370505344995141,4.255660524640706,LGALS9B
GO_Biological_Process_2023,Regulation Of DNA-templated Transcription Initiation (GO:2000142),0.2829124076860888,0.9999942086337028,0,0,3.370505344995141,4.255660524640706,FOSL1
GO_Biological_Process_2023,Regulation Of RNA Biosynthetic Process (GO:2001141),0.2829124076860888,0.9999942086337028,0,0,3.370505344995141,4.255660524640706,RALY
GO_Biological_Process_2023,Regulation Of RNA Polymerase II Regulatory Region Sequence-Specific DNA Binding (GO:1903025),0.2829124076860888,0.9999942086337028,0,0,3.370505344995141,4.255660524640706,DDRGK1
GO_Biological_Process_2023,Regulation Of Cell-Cell Adhesion Involved In Gastrulation (GO:0070587),0.2829124076860888,0.9999942086337028,0,0,3.370505344995141,4.255660524640706,MAP2K5
GO_Biological_Process_2023,RNA Phosphodiester Bond Hydrolysis (GO:0090501),0.2861192769691387,0.9999942086337028,0,0,1.9670641680863146,2.461478867448748,NHP2;RNASE1
GO_Biological_Process_2023,Amide Transport (GO:0042886),0.2861192769691387,0.9999942086337028,0,0,1.9670641680863146,2.461478867448748,AQP8;SLC25A32
GO_Biological_Process_2023,Negative Regulation Of Double-Strand Break Repair (GO:2000780),0.2861192769691387,0.9999942086337028,0,0,1.9670641680863146,2.461478867448748,HSF1;OTUB1
GO_Biological_Process_2023,Negative Regulation Of Microtubule Polymerization Or Depolymerization (GO:0031111),0.2861192769691387,0.9999942086337028,0,0,1.9670641680863146,2.461478867448748,CLIP3;TUBB4A
GO_Biological_Process_2023,Positive Regulation Of Cholesterol Transport (GO:0032376),0.2861192769691387,0.9999942086337028,0,0,1.9670641680863146,2.461478867448748,NR1H2;CES1
GO_Biological_Process_2023,Prostaglandin Metabolic Process (GO:0006693),0.2861192769691387,0.9999942086337028,0,0,1.9670641680863146,2.461478867448748,GSTM1;CES1
GO_Biological_Process_2023,Regulation Of Interferon-Beta Production (GO:0032648),0.2992704612834294,0.9999942086337028,0,0,1.609835556934533,1.942117788923643,POLR3C;POLR3D;TLR9
GO_Biological_Process_2023,Retinoid Metabolic Process (GO:0001523),0.30137777288865053,0.9999942086337028,0,0,1.88824531516184,2.2647439491225296,PLB1;DHRS4
GO_Biological_Process_2023,Sterol Biosynthetic Process (GO:0016126),0.30137777288865053,0.9999942086337028,0,0,1.88824531516184,2.2647439491225296,CYP51A1;CES1
GO_Biological_Process_2023,Immunoglobulin Mediated Immune Response (GO:0016064),0.30137777288865053,0.9999942086337028,0,0,1.88824531516184,2.2647439491225296,HLA-DRB5;HLA-DQA2
GO_Biological_Process_2023,Positive Regulation Of Mitotic Cell Cycle (GO:0045931),0.30137777288865053,0.9999942086337028,0,0,1.88824531516184,2.2647439491225296,HSF1;USP2
GO_Biological_Process_2023,Negative Regulation Of DNA-binding Transcription Factor Activity (GO:0043433),0.3046304165828714,0.9999942086337028,0,0,1.3024731444651894,1.5481924998309804,RWDD3;NFKBIL1;TLR9;PHB2;CDK5RAP3;MAP2K5;PEX14
GO_Biological_Process_2023,Organelle Disassembly (GO:1903008),0.3105247503099858,0.9999942086337028,0,0,1.5739476678043232,1.8407186859497617,RRP7A;VCP;DDRGK1
GO_Biological_Process_2023,Golgi Lumen Acidification (GO:0061795),0.3121195139160275,0.9999942086337028,0,0,2.9489795918367347,3.433700734194963,ATP6V0C
GO_Biological_Process_2023,I-kappaB Phosphorylation (GO:0007252),0.3121195139160275,0.9999942086337028,0,0,2.9489795918367347,3.433700734194963,TLR9
GO_Biological_Process_2023,V(D)J Recombination (GO:0033151),0.3121195139160275,0.9999942086337028,0,0,2.9489795918367347,3.433700734194963,NHEJ1
GO_Biological_Process_2023,Regulation Of mRNA Polyadenylation (GO:1900363),0.3121195139160275,0.9999942086337028,0,0,2.9489795918367347,3.433700734194963,HSF1
GO_Biological_Process_2023,Amino Sugar Metabolic Process (GO:0006040),0.3121195139160275,0.9999942086337028,0,0,2.9489795918367347,3.433700734194963,FN3K
GO_Biological_Process_2023,Antigen Processing And Presentation Of Endogenous Peptide Antigen Via MHC Class I Via ER Pathway (GO:0002484),0.3121195139160275,0.9999942086337028,0,0,2.9489795918367347,3.433700734194963,HLA-G
GO_Biological_Process_2023,"Antigen Processing And Presentation Of Endogenous Peptide Antigen Via MHC Class I Via ER Pathway, TAP-independent (GO:0002486)",0.3121195139160275,0.9999942086337028,0,0,2.9489795918367347,3.433700734194963,HLA-G
GO_Biological_Process_2023,Antigen Processing And Presentation Of Endogenous Peptide Antigen Via MHC Class Ib (GO:0002476),0.3121195139160275,0.9999942086337028,0,0,2.9489795918367347,3.433700734194963,HLA-G
GO_Biological_Process_2023,Antigen Processing And Presentation Of Peptide Antigen Via MHC Class Ib (GO:0002428),0.3121195139160275,0.9999942086337028,0,0,2.9489795918367347,3.433700734194963,HLA-G
GO_Biological_Process_2023,Apical Protein Localization (GO:0045176),0.3121195139160275,0.9999942086337028,0,0,2.9489795918367347,3.433700734194963,MAL
GO_Biological_Process_2023,Regulation Of Platelet-Derived Growth Factor Receptor Signaling Pathway (GO:0010640),0.3121195139160275,0.9999942086337028,0,0,2.9489795918367347,3.433700734194963,SLC9A3R1
GO_Biological_Process_2023,Regulation Of Protein Localization To Chromatin (GO:1905634),0.3121195139160275,0.9999942086337028,0,0,2.9489795918367347,3.433700734194963,VCP
GO_Biological_Process_2023,Cellular Response To Acidic pH (GO:0071468),0.3121195139160275,0.9999942086337028,0,0,2.9489795918367347,3.433700734194963,SCNN1B
GO_Biological_Process_2023,Response To dsRNA (GO:0043331),0.3121195139160275,0.9999942086337028,0,0,2.9489795918367347,3.433700734194963,TICAM2
GO_Biological_Process_2023,Response To Laminar Fluid Shear Stress (GO:0034616),0.3121195139160275,0.9999942086337028,0,0,2.9489795918367347,3.433700734194963,MAP2K5
GO_Biological_Process_2023,Small Nucleolar Ribonucleoprotein Complex Assembly (GO:0000491),0.3121195139160275,0.9999942086337028,0,0,2.9489795918367347,3.433700734194963,PIH1D1
GO_Biological_Process_2023,Telomeric Loop Disassembly (GO:0090657),0.3121195139160275,0.9999942086337028,0,0,2.9489795918367347,3.433700734194963,RTEL1
GO_Biological_Process_2023,Intracellular Copper Ion Homeostasis (GO:0006878),0.3121195139160275,0.9999942086337028,0,0,2.9489795918367347,3.433700734194963,CCDC22
GO_Biological_Process_2023,Medium-Chain Fatty Acid Metabolic Process (GO:0051791),0.3121195139160275,0.9999942086337028,0,0,2.9489795918367347,3.433700734194963,CES1
GO_Biological_Process_2023,Microtubule Anchoring (GO:0034453),0.3121195139160275,0.9999942086337028,0,0,2.9489795918367347,3.433700734194963,PEX14
GO_Biological_Process_2023,Monocyte Differentiation (GO:0030224),0.3121195139160275,0.9999942086337028,0,0,2.9489795918367347,3.433700734194963,PIR
GO_Biological_Process_2023,"Negative Regulation Of CD4-positive, Alpha-Beta T Cell Activation (GO:2000515)",0.3121195139160275,0.9999942086337028,0,0,2.9489795918367347,3.433700734194963,LGALS9B
GO_Biological_Process_2023,Negative Regulation Of Chondrocyte Differentiation (GO:0032331),0.3121195139160275,0.9999942086337028,0,0,2.9489795918367347,3.433700734194963,CHADL
GO_Biological_Process_2023,Negative Regulation Of Lyase Activity (GO:0051350),0.3121195139160275,0.9999942086337028,0,0,2.9489795918367347,3.433700734194963,LTB4R2
GO_Biological_Process_2023,Negative Regulation Of Macrophage Derived Foam Cell Differentiation (GO:0010745),0.3121195139160275,0.9999942086337028,0,0,2.9489795918367347,3.433700734194963,NR1H2
GO_Biological_Process_2023,Negative Regulation Of Natural Killer Cell Mediated Immunity (GO:0002716),0.3121195139160275,0.9999942086337028,0,0,2.9489795918367347,3.433700734194963,HLA-G
GO_Biological_Process_2023,Negative Regulation Of Release Of Sequestered Calcium Ion Into Cytosol (GO:0051280),0.3121195139160275,0.9999942086337028,0,0,2.9489795918367347,3.433700734194963,GSTM2
GO_Biological_Process_2023,Negative Regulation Of Ryanodine-Sensitive Calcium-Release Channel Activity (GO:0060315),0.3121195139160275,0.9999942086337028,0,0,2.9489795918367347,3.433700734194963,GSTM2
GO_Biological_Process_2023,Negative Regulation Of Secretion (GO:0051048),0.3121195139160275,0.9999942086337028,0,0,2.9489795918367347,3.433700734194963,TFF2
GO_Biological_Process_2023,Peptidyl-Serine Dephosphorylation (GO:0070262),0.3121195139160275,0.9999942086337028,0,0,2.9489795918367347,3.433700734194963,PPP5C
GO_Biological_Process_2023,Positive Regulation Of Cellular Respiration (GO:1901857),0.3121195139160275,0.9999942086337028,0,0,2.9489795918367347,3.433700734194963,VCP
GO_Biological_Process_2023,Positive Regulation Of Cellular Senescence (GO:2000774),0.3121195139160275,0.9999942086337028,0,0,2.9489795918367347,3.433700734194963,HLA-G
GO_Biological_Process_2023,Positive Regulation Of Cholesterol Metabolic Process (GO:0090205),0.3121195139160275,0.9999942086337028,0,0,2.9489795918367347,3.433700734194963,CES1
GO_Biological_Process_2023,Positive Regulation Of Epidermal Growth Factor-Activated Receptor Activity (GO:0045741),0.3121195139160275,0.9999942086337028,0,0,2.9489795918367347,3.433700734194963,EPGN
GO_Biological_Process_2023,Positive Regulation Of Granulocyte Macrophage Colony-Stimulating Factor Production (GO:0032725),0.3121195139160275,0.9999942086337028,0,0,2.9489795918367347,3.433700734194963,TLR9
GO_Biological_Process_2023,Positive Regulation Of Keratinocyte Differentiation (GO:0045618),0.3121195139160275,0.9999942086337028,0,0,2.9489795918367347,3.433700734194963,NME2
GO_Biological_Process_2023,Positive Regulation Of Non-Canonical Wnt Signaling Pathway (GO:2000052),0.3121195139160275,0.9999942086337028,0,0,2.9489795918367347,3.433700734194963,LBX2
GO_Biological_Process_2023,Positive Regulation Of Platelet Aggregation (GO:1901731),0.3121195139160275,0.9999942086337028,0,0,2.9489795918367347,3.433700734194963,MMRN1
GO_Biological_Process_2023,Positive Regulation Of Protein Sumoylation (GO:0033235),0.3121195139160275,0.9999942086337028,0,0,2.9489795918367347,3.433700734194963,RWDD3
GO_Biological_Process_2023,Positive Regulation Of Purine Nucleotide Biosynthetic Process (GO:1900373),0.3121195139160275,0.9999942086337028,0,0,2.9489795918367347,3.433700734194963,VCP
GO_Biological_Process_2023,Protein Insertion Into ER Membrane By Stop-Transfer Membrane-Anchor Sequence (GO:0045050),0.3121195139160275,0.9999942086337028,0,0,2.9489795918367347,3.433700734194963,EMC4
GO_Biological_Process_2023,Purine Ribonucleoside Bisphosphate Metabolic Process (GO:0034035),0.3121195139160275,0.9999942086337028,0,0,2.9489795918367347,3.433700734194963,SULT1A2
GO_Biological_Process_2023,Regulation Of Cell-Cell Adhesion Mediated By Integrin (GO:0033632),0.3121195139160275,0.9999942086337028,0,0,2.9489795918367347,3.433700734194963,CD3E
GO_Biological_Process_2023,Fatty Acid Metabolic Process (GO:0006631),0.3121912122979907,0.9999942086337028,0,0,1.3732478496336413,1.5986519537676485,LIPC;ALOX15;ECHDC3;MCAT;CES1
GO_Biological_Process_2023,Regulation Of Natural Killer Cell Mediated Cytotoxicity (GO:0042269),0.31657909413718577,0.9999942086337028,0,0,1.8154894509238633,2.0881435892519025,KLRC3;HLA-G
GO_Biological_Process_2023,Extrinsic Apoptotic Signaling Pathway Via Death Domain Receptors (GO:0008625),0.31657909413718577,0.9999942086337028,0,0,1.8154894509238633,2.0881435892519025,GABARAP;DEDD
GO_Biological_Process_2023,"Maturation Of SSU-rRNA From Tricistronic rRNA Transcript (SSU-rRNA, 5.8S rRNA, LSU-rRNA) (GO:0000462)",0.31657909413718577,0.9999942086337028,0,0,1.8154894509238633,2.0881435892519025,LTB4R2;PWP2
GO_Biological_Process_2023,Neurotransmitter Secretion (GO:0007269),0.31657909413718577,0.9999942086337028,0,0,1.8154894509238633,2.0881435892519025,RPH3AL;RAB3A
GO_Biological_Process_2023,NADH Dehydrogenase Complex Assembly (GO:0010257),0.3217911527772613,0.9999942086337028,0,0,1.5396201216797745,1.7457021820993257,OXA1L;NDUFB9;NDUFB6
GO_Biological_Process_2023,Mitochondrial Respiratory Chain Complex I Assembly (GO:0032981),0.3217911527772613,0.9999942086337028,0,0,1.5396201216797745,1.7457021820993257,OXA1L;NDUFB9;NDUFB6
GO_Biological_Process_2023,RNA Splicing (GO:0008380),0.3283333395474826,0.9999942086337028,0,0,1.341843088418431,1.4944454114409476,SF3B2;SCNM1;ZMAT5;DHX16;WDR83
GO_Biological_Process_2023,Regulation Of Cholesterol Efflux (GO:0010874),0.33170263636142405,0.9999942086337028,0,0,1.7481229099627738,1.9290822741921645,NR1H2;CES1
GO_Biological_Process_2023,Antigen Processing And Presentation Of Exogenous Peptide Antigen (GO:0002478),0.33170263636142405,0.9999942086337028,0,0,1.7481229099627738,1.9290822741921645,HLA-DRB5;HLA-DQA2
GO_Biological_Process_2023,Negative Regulation Of Protein Kinase B Signaling (GO:0051898),0.33170263636142405,0.9999942086337028,0,0,1.7481229099627738,1.9290822741921645,SLC9A3R1;HLA-G
GO_Biological_Process_2023,Neuron Projection Extension (GO:1990138),0.33170263636142405,0.9999942086337028,0,0,1.7481229099627738,1.9290822741921645,NRN1;S100B
GO_Biological_Process_2023,Positive Regulation Of Phospholipase C Activity (GO:0010863),0.33170263636142405,0.9999942086337028,0,0,1.7481229099627738,1.9290822741921645,P2RY12;PHB2
GO_Biological_Process_2023,Regulation Of G0 To G1 Transition (GO:0070316),0.33170263636142405,0.9999942086337028,0,0,1.7481229099627738,1.9290822741921645,SMARCB1;HLA-G
GO_Biological_Process_2023,Ribosomal Large Subunit Biogenesis (GO:0042273),0.33305964992689363,0.9999942086337028,0,0,1.5067533221988236,1.6565753440518238,NOP16;PES1;RPLP0
GO_Biological_Process_2023,Regulation Of Cysteine-Type Endopeptidase Activity Involved In Apoptotic Signaling Pathway (GO:2001267),0.34013894519012927,0.9999942086337028,0,0,2.6211262282690853,2.8266253620071953,PIH1D1
GO_Biological_Process_2023,"RNA Splicing, Via Endonucleolytic Cleavage And Ligation (GO:0000394)",0.34013894519012927,0.9999942086337028,0,0,2.6211262282690853,2.8266253620071953,TRPT1
GO_Biological_Process_2023,Regulation Of Lipoprotein Lipase Activity (GO:0051004),0.34013894519012927,0.9999942086337028,0,0,2.6211262282690853,2.8266253620071953,NR1H2
GO_Biological_Process_2023,Regulation Of Mitotic Sister Chromatid Separation (GO:0010965),0.34013894519012927,0.9999942086337028,0,0,2.6211262282690853,2.8266253620071953,LCMT1
GO_Biological_Process_2023,Regulation Of Monooxygenase Activity (GO:0032768),0.34013894519012927,0.9999942086337028,0,0,2.6211262282690853,2.8266253620071953,NOS1AP
GO_Biological_Process_2023,Regulation Of Secretion (GO:0051046),0.34013894519012927,0.9999942086337028,0,0,2.6211262282690853,2.8266253620071953,CES1
GO_Biological_Process_2023,Regulation Of Steroid Biosynthetic Process (GO:0050810),0.34013894519012927,0.9999942086337028,0,0,2.6211262282690853,2.8266253620071953,CES1
GO_Biological_Process_2023,Cellular Response To Exogenous dsRNA (GO:0071360),0.34013894519012927,0.9999942086337028,0,0,2.6211262282690853,2.8266253620071953,PQBP1
GO_Biological_Process_2023,Regulation Of Toll-Like Receptor 9 Signaling Pathway (GO:0034163),0.34013894519012927,0.9999942086337028,0,0,2.6211262282690853,2.8266253620071953,TLR9
GO_Biological_Process_2023,Regulation Of Type II Interferon-Mediated Signaling Pathway (GO:0060334),0.34013894519012927,0.9999942086337028,0,0,2.6211262282690853,2.8266253620071953,NR1H2
GO_Biological_Process_2023,Cellular Response To Superoxide (GO:0071451),0.34013894519012927,0.9999942086337028,0,0,2.6211262282690853,2.8266253620071953,MT3
GO_Biological_Process_2023,Relaxation Of Cardiac Muscle (GO:0055119),0.34013894519012927,0.9999942086337028,0,0,2.6211262282690853,2.8266253620071953,GSTM2
GO_Biological_Process_2023,Relaxation Of Muscle (GO:0090075),0.34013894519012927,0.9999942086337028,0,0,2.6211262282690853,2.8266253620071953,GSTM2
GO_Biological_Process_2023,Removal Of Superoxide Radicals (GO:0019430),0.34013894519012927,0.9999942086337028,0,0,2.6211262282690853,2.8266253620071953,MT3
GO_Biological_Process_2023,Defense Response To Tumor Cell (GO:0002357),0.34013894519012927,0.9999942086337028,0,0,2.6211262282690853,2.8266253620071953,DLEC1
GO_Biological_Process_2023,Response To Muramyl Dipeptide (GO:0032495),0.34013894519012927,0.9999942086337028,0,0,2.6211262282690853,2.8266253620071953,LDOC1
GO_Biological_Process_2023,Serine Family Amino Acid Biosynthetic Process (GO:0009070),0.34013894519012927,0.9999942086337028,0,0,2.6211262282690853,2.8266253620071953,SEPHS2
GO_Biological_Process_2023,snRNA Transcription By RNA Polymerase II (GO:0042795),0.34013894519012927,0.9999942086337028,0,0,2.6211262282690853,2.8266253620071953,ELL3
GO_Biological_Process_2023,Sphingoid Biosynthetic Process (GO:0046520),0.34013894519012927,0.9999942086337028,0,0,2.6211262282690853,2.8266253620071953,ACER2
GO_Biological_Process_2023,Sphingosine Biosynthetic Process (GO:0046512),0.34013894519012927,0.9999942086337028,0,0,2.6211262282690853,2.8266253620071953,ACER2
GO_Biological_Process_2023,Establishment Of Epithelial Cell Apical/Basal Polarity (GO:0045198),0.34013894519012927,0.9999942086337028,0,0,2.6211262282690853,2.8266253620071953,SLC9A3R1
GO_Biological_Process_2023,Substrate-Dependent Cell Migration (GO:0006929),0.34013894519012927,0.9999942086337028,0,0,2.6211262282690853,2.8266253620071953,P2RY12
GO_Biological_Process_2023,"tRNA Splicing, Via Endonucleolytic Cleavage And Ligation (GO:0006388)",0.34013894519012927,0.9999942086337028,0,0,2.6211262282690853,2.8266253620071953,TRPT1
GO_Biological_Process_2023,Fluid Transport (GO:0042044),0.34013894519012927,0.9999942086337028,0,0,2.6211262282690853,2.8266253620071953,AQP8
GO_Biological_Process_2023,Glomerular Filtration (GO:0003094),0.34013894519012927,0.9999942086337028,0,0,2.6211262282690853,2.8266253620071953,IGKV3-20
GO_Biological_Process_2023,Glucosamine-Containing Compound Metabolic Process (GO:1901071),0.34013894519012927,0.9999942086337028,0,0,2.6211262282690853,2.8266253620071953,CHST5
GO_Biological_Process_2023,Water Transport (GO:0006833),0.34013894519012927,0.9999942086337028,0,0,2.6211262282690853,2.8266253620071953,AQP8
GO_Biological_Process_2023,Histone mRNA Catabolic Process (GO:0071044),0.34013894519012927,0.9999942086337028,0,0,2.6211262282690853,2.8266253620071953,EXOSC4
GO_Biological_Process_2023,Lipid Droplet Formation (GO:0140042),0.34013894519012927,0.9999942086337028,0,0,2.6211262282690853,2.8266253620071953,BSCL2
GO_Biological_Process_2023,Monoacylglycerol Metabolic Process (GO:0046462),0.34013894519012927,0.9999942086337028,0,0,2.6211262282690853,2.8266253620071953,ABHD16A
GO_Biological_Process_2023,Negative Regulation Of Cartilage Development (GO:0061037),0.34013894519012927,0.9999942086337028,0,0,2.6211262282690853,2.8266253620071953,CHADL
GO_Biological_Process_2023,Negative Regulation Of Platelet-Derived Growth Factor Receptor Signaling Pathway (GO:0010642),0.34013894519012927,0.9999942086337028,0,0,2.6211262282690853,2.8266253620071953,SLC9A3R1
GO_Biological_Process_2023,Negative Regulation Of Sprouting Angiogenesis (GO:1903671),0.34013894519012927,0.9999942086337028,0,0,2.6211262282690853,2.8266253620071953,EPN1
GO_Biological_Process_2023,Positive Regulation Of G Protein-Coupled Receptor Signaling Pathway (GO:0045745),0.34013894519012927,0.9999942086337028,0,0,2.6211262282690853,2.8266253620071953,LRPAP1
GO_Biological_Process_2023,Positive Regulation Of Cellular Response To Insulin Stimulus (GO:1900078),0.34013894519012927,0.9999942086337028,0,0,2.6211262282690853,2.8266253620071953,ECHDC3
GO_Biological_Process_2023,Positive Regulation Of Integrin Activation (GO:0033625),0.34013894519012927,0.9999942086337028,0,0,2.6211262282690853,2.8266253620071953,P2RY12
GO_Biological_Process_2023,Positive Regulation Of Macrophage Differentiation (GO:0045651),0.34013894519012927,0.9999942086337028,0,0,2.6211262282690853,2.8266253620071953,HSF1
GO_Biological_Process_2023,Positive Regulation Of Nitric-Oxide Synthase Biosynthetic Process (GO:0051770),0.34013894519012927,0.9999942086337028,0,0,2.6211262282690853,2.8266253620071953,TLR9
GO_Biological_Process_2023,Positive Regulation Of Toll-Like Receptor 4 Signaling Pathway (GO:0034145),0.34013894519012927,0.9999942086337028,0,0,2.6211262282690853,2.8266253620071953,TICAM2
GO_Biological_Process_2023,Positive Regulation Of Triglyceride Biosynthetic Process (GO:0010867),0.34013894519012927,0.9999942086337028,0,0,2.6211262282690853,2.8266253620071953,NR1H2
GO_Biological_Process_2023,Protein Insertion Into Membrane (GO:0051205),0.34013894519012927,0.9999942086337028,0,0,2.6211262282690853,2.8266253620071953,GET4
GO_Biological_Process_2023,Protein Prenylation (GO:0018342),0.34013894519012927,0.9999942086337028,0,0,2.6211262282690853,2.8266253620071953,RCE1
GO_Biological_Process_2023,Regulation Of Actin Filament Organization (GO:0110053),0.34013894519012927,0.9999942086337028,0,0,2.6211262282690853,2.8266253620071953,TMSB4Y
GO_Biological_Process_2023,Regulation Of Cellular Ketone Metabolic Process (GO:0010565),0.34013894519012927,0.9999942086337028,0,0,2.6211262282690853,2.8266253620071953,CES1
GO_Biological_Process_2023,Defense Response To Bacterium (GO:0042742),0.3414004339242183,0.9999942086337028,0,0,1.276621389828937,1.3719839832989953,RNF31;TRAV27;NLRP6;TLR9;RNASE1;IGKV3-20
GO_Biological_Process_2023,Regulation Of Transcription Elongation By RNA Polymerase II (GO:0034243),0.3462125747855559,0.9999942086337028,0,0,1.368611420785334,1.4516893017936074,SRCAP;MED27;ELL3;NELFE
GO_Biological_Process_2023,intra-Golgi Vesicle-Mediated Transport (GO:0006891),0.34672956186653536,0.9999942086337028,0,0,1.685568264784619,1.7853710373494827,NAPA;RAB43
GO_Biological_Process_2023,Regulation Of Axon Extension (GO:0030516),0.34672956186653536,0.9999942086337028,0,0,1.685568264784619,1.7853710373494827,L1CAM;MT3
GO_Biological_Process_2023,Macroautophagy (GO:0016236),0.3526882793172111,0.9999942086337028,0,0,1.2973242510913743,1.3520332886395883,VCP;TOM1;MAP1LC3B2;SQSTM1;GABARAP
GO_Biological_Process_2023,Arachidonic Acid Metabolic Process (GO:0019369),0.3616426903089827,0.9999942086337028,0,0,1.627327733067027,1.6551527557072698,ALOX15;ALOX15B
GO_Biological_Process_2023,Regulation Of Ossification (GO:0030278),0.3616426903089827,0.9999942086337028,0,0,1.627327733067027,1.6551527557072698,CCDC134;ZBTB16
GO_Biological_Process_2023,Macromolecule Catabolic Process (GO:0009057),0.3648819493274153,0.9999942086337028,0,0,1.3298663777537016,1.3407465521400588,EXOSC5;EXOSC4;TREX1;SQSTM1
GO_Biological_Process_2023,Positive Regulation Of Proteasomal Ubiquitin-Dependent Protein Catabolic Process (GO:0032436),0.3648819493274153,0.9999942086337028,0,0,1.3298663777537016,1.3407465521400588,VCP;DDRGK1;HSPBP1;GABARAP
GO_Biological_Process_2023,Positive Regulation Of Protein Kinase B Signaling (GO:0051897),0.3648819493274153,0.9999942086337028,0,0,1.3298663777537016,1.3407465521400588,P2RY12;MYDGF;F10;GDF15
GO_Biological_Process_2023,Regulation Of Type I Interferon Production (GO:0032479),0.36678355247144984,0.9999942086337028,0,0,1.4160409556313993,1.4202655441745506,TICAM2;GPATCH3;PQBP1
GO_Biological_Process_2023,Long-Chain Fatty Acid Metabolic Process (GO:0001676),0.36678355247144984,0.9999942086337028,0,0,1.4160409556313993,1.4202655441745506,GSTM2;ALOX15;ALOX15B
GO_Biological_Process_2023,3'-Phosphoadenosine 5'-Phosphosulfate Metabolic Process (GO:0050427),0.3670189181194867,0.9999942086337028,0,0,2.358843537414966,2.3643676759354775,SULT1A2
GO_Biological_Process_2023,Regulation Of Chemokine (C-X-C Motif) Ligand 2 Production (GO:2000341),0.3670189181194867,0.9999942086337028,0,0,2.358843537414966,2.3643676759354775,MAP2K5
GO_Biological_Process_2023,N-acetylglucosamine Metabolic Process (GO:0006044),0.3670189181194867,0.9999942086337028,0,0,2.358843537414966,2.3643676759354775,CHST5
GO_Biological_Process_2023,Regulation Of Granulocyte Macrophage Colony-Stimulating Factor Production (GO:0032645),0.3670189181194867,0.9999942086337028,0,0,2.358843537414966,2.3643676759354775,TLR9
GO_Biological_Process_2023,Regulation Of Humoral Immune Response (GO:0002920),0.3670189181194867,0.9999942086337028,0,0,2.358843537414966,2.3643676759354775,PHB2
GO_Biological_Process_2023,Regulation Of Multicellular Organism Growth (GO:0040014),0.3670189181194867,0.9999942086337028,0,0,2.358843537414966,2.3643676759354775,GDF15
GO_Biological_Process_2023,"Base-Excision Repair, AP Site Formation (GO:0006285)",0.3670189181194867,0.9999942086337028,0,0,2.358843537414966,2.3643676759354775,MUTYH
GO_Biological_Process_2023,Cellular Response To ATP (GO:0071318),0.3670189181194867,0.9999942086337028,0,0,2.358843537414966,2.3643676759354775,P2RY12
GO_Biological_Process_2023,Cellular Response To Alkaloid (GO:0071312),0.3670189181194867,0.9999942086337028,0,0,2.358843537414966,2.3643676759354775,GSTM2
GO_Biological_Process_2023,Cellular Response To Fluid Shear Stress (GO:0071498),0.3670189181194867,0.9999942086337028,0,0,2.358843537414966,2.3643676759354775,MAP2K5
GO_Biological_Process_2023,Cellular Response To Leucine Starvation (GO:1990253),0.3670189181194867,0.9999942086337028,0,0,2.358843537414966,2.3643676759354775,RNF167
GO_Biological_Process_2023,Regulation Of Ventricular Cardiac Muscle Cell Membrane Repolarization (GO:0060307),0.3670189181194867,0.9999942086337028,0,0,2.358843537414966,2.3643676759354775,NOS1AP
GO_Biological_Process_2023,Retinal Metabolic Process (GO:0042574),0.3670189181194867,0.9999942086337028,0,0,2.358843537414966,2.3643676759354775,DHRS4
GO_Biological_Process_2023,Embryonic Hemopoiesis (GO:0035162),0.3670189181194867,0.9999942086337028,0,0,2.358843537414966,2.3643676759354775,FLT3LG
GO_Biological_Process_2023,Serine Family Amino Acid Metabolic Process (GO:0009069),0.3670189181194867,0.9999942086337028,0,0,2.358843537414966,2.3643676759354775,SEPHS2
GO_Biological_Process_2023,Endosomal Lumen Acidification (GO:0048388),0.3670189181194867,0.9999942086337028,0,0,2.358843537414966,2.3643676759354775,ATP6V0C
GO_Biological_Process_2023,Sphingomyelin Metabolic Process (GO:0006684),0.3670189181194867,0.9999942086337028,0,0,2.358843537414966,2.3643676759354775,SMPD2
GO_Biological_Process_2023,Epithelial Cilium Movement Involved In Extracellular Fluid Movement (GO:0003351),0.3670189181194867,0.9999942086337028,0,0,2.358843537414966,2.3643676759354775,SLC9A3R1
GO_Biological_Process_2023,Establishment Of Spindle Localization (GO:0051293),0.3670189181194867,0.9999942086337028,0,0,2.358843537414966,2.3643676759354775,LLGL1
GO_Biological_Process_2023,Folic Acid Metabolic Process (GO:0046655),0.3670189181194867,0.9999942086337028,0,0,2.358843537414966,2.3643676759354775,SLC25A32
GO_Biological_Process_2023,Methylguanosine-Cap Decapping (GO:0110156),0.3670189181194867,0.9999942086337028,0,0,2.358843537414966,2.3643676759354775,EDC4
GO_Biological_Process_2023,"Mitochondrial Electron Transport, Ubiquinol To Cytochrome C (GO:0006122)",0.3670189181194867,0.9999942086337028,0,0,2.358843537414966,2.3643676759354775,UQCRHL
GO_Biological_Process_2023,Pentose-Phosphate Shunt (GO:0006098),0.3670189181194867,0.9999942086337028,0,0,2.358843537414966,2.3643676759354775,RBKS
GO_Biological_Process_2023,Positive Regulation Of Fatty Acid Biosynthetic Process (GO:0045723),0.3670189181194867,0.9999942086337028,0,0,2.358843537414966,2.3643676759354775,NR1H2
GO_Biological_Process_2023,Positive Regulation Of Isotype Switching (GO:0045830),0.3670189181194867,0.9999942086337028,0,0,2.358843537414966,2.3643676759354775,TNFSF13
GO_Biological_Process_2023,Positive Regulation Of Nitric-Oxide Synthase Activity (GO:0051000),0.3670189181194867,0.9999942086337028,0,0,2.358843537414966,2.3643676759354775,NOS1AP
GO_Biological_Process_2023,Positive Regulation Of Ruffle Assembly (GO:1900029),0.3670189181194867,0.9999942086337028,0,0,2.358843537414966,2.3643676759354775,P2RY12
GO_Biological_Process_2023,Primary Alcohol Metabolic Process (GO:0034308),0.3670189181194867,0.9999942086337028,0,0,2.358843537414966,2.3643676759354775,THTPA
GO_Biological_Process_2023,Protein Heterotetramerization (GO:0051290),0.3670189181194867,0.9999942086337028,0,0,2.358843537414966,2.3643676759354775,FARSA
GO_Biological_Process_2023,Regulation Of Alcohol Biosynthetic Process (GO:1902930),0.3670189181194867,0.9999942086337028,0,0,2.358843537414966,2.3643676759354775,AQP8
GO_Biological_Process_2023,Regulation Of Amyloid Precursor Protein Catabolic Process (GO:1902991),0.3670189181194867,0.9999942086337028,0,0,2.358843537414966,2.3643676759354775,CHRNA7
GO_Biological_Process_2023,Positive Regulation Of DNA-binding Transcription Factor Activity (GO:0051091),0.37348626548244623,0.9999942086337028,0,0,1.1578448305056046,1.1403313246611653,RNF31;PSMA6;SMARCB1;TICAM2;DDRGK1;HSF1;TLR9;WNT1;PHB2;TRIM34
GO_Biological_Process_2023,Regulation Of Cellular Senescence (GO:2000772),0.37642639534920125,0.9999942086337028,0,0,1.5729699034639408,1.5368431071999675,WNT1;HLA-G
GO_Biological_Process_2023,Cellular Response To Heat (GO:0034605),0.37642639534920125,0.9999942086337028,0,0,1.5729699034639408,1.5368431071999675,VCP;HSF1
GO_Biological_Process_2023,Connective Tissue Development (GO:0061448),0.37642639534920125,0.9999942086337028,0,0,1.5729699034639408,1.5368431071999675,DDRGK1;ZBTB16
GO_Biological_Process_2023,Negative Regulation Of Proteolysis (GO:0045861),0.37642639534920125,0.9999942086337028,0,0,1.5729699034639408,1.5368431071999675,CST3;TIMP4
GO_Biological_Process_2023,Positive Regulation Of Interleukin-12 Production (GO:0032735),0.37642639534920125,0.9999942086337028,0,0,1.5729699034639408,1.5368431071999675,TLR9;HLA-G
GO_Biological_Process_2023,Negative Regulation Of Signal Transduction (GO:0009968),0.3789780837539024,0.9999942086337028,0,0,1.152112557395004,1.1178682030350562,LRPAP1;GPI;SLC9A3R1;VCP;GDF15;NFKBIL1;CDK3;TLR9;RITA1;GRINA
GO_Biological_Process_2023,"RNA Splicing, Via Transesterification Reactions With Bulged Adenosine As Nucleophile (GO:0000377)",0.3890319059633465,0.9999942086337028,0,0,1.1659760736065956,1.1007909199238315,SF3B2;SF3A2;PHF5A;DHX16;RBM42;WDR83;RALY;SNRPA
GO_Biological_Process_2023,Signal Transduction In Response To DNA Damage (GO:0042770),0.3891110075880175,0.9999942086337028,0,0,1.3613809398792334,1.284994685135341,ACER2;WNT1;ATRIP
GO_Biological_Process_2023,Blood Circulation (GO:0008015),0.39106650703112483,0.9999942086337028,0,0,1.5221190306094412,1.4290835213588011,ADORA2A;TBC1D8
GO_Biological_Process_2023,NADPH Regeneration (GO:0006740),0.39280569490110995,0.9999942086337028,0,0,2.1442486085343226,2.003672108013586,RBKS
GO_Biological_Process_2023,Regulation Of Immune Effector Process (GO:0002697),0.39280569490110995,0.9999942086337028,0,0,2.1442486085343226,2.003672108013586,PHB2
GO_Biological_Process_2023,Regulation Of Leukocyte Migration (GO:0002685),0.39280569490110995,0.9999942086337028,0,0,2.1442486085343226,2.003672108013586,MADCAM1
GO_Biological_Process_2023,Regulation Of Nitric-Oxide Synthase Biosynthetic Process (GO:0051769),0.39280569490110995,0.9999942086337028,0,0,2.1442486085343226,2.003672108013586,TLR9
GO_Biological_Process_2023,Ceramide Catabolic Process (GO:0046514),0.39280569490110995,0.9999942086337028,0,0,2.1442486085343226,2.003672108013586,ACER2
GO_Biological_Process_2023,Renal Filtration (GO:0097205),0.39280569490110995,0.9999942086337028,0,0,2.1442486085343226,2.003672108013586,IGKV3-20
GO_Biological_Process_2023,Response To Acidic pH (GO:0010447),0.39280569490110995,0.9999942086337028,0,0,2.1442486085343226,2.003672108013586,SCNN1B
GO_Biological_Process_2023,Copper Ion Homeostasis (GO:0055070),0.39280569490110995,0.9999942086337028,0,0,2.1442486085343226,2.003672108013586,CCDC22
GO_Biological_Process_2023,Embryonic Axis Specification (GO:0000578),0.39280569490110995,0.9999942086337028,0,0,2.1442486085343226,2.003672108013586,WNT1
GO_Biological_Process_2023,snRNA Transcription (GO:0009301),0.39280569490110995,0.9999942086337028,0,0,2.1442486085343226,2.003672108013586,ELL3
GO_Biological_Process_2023,Exonucleolytic Catabolism Of Deadenylated mRNA (GO:0043928),0.39280569490110995,0.9999942086337028,0,0,2.1442486085343226,2.003672108013586,EXOSC5
GO_Biological_Process_2023,Gamma-Delta T Cell Activation (GO:0046629),0.39280569490110995,0.9999942086337028,0,0,2.1442486085343226,2.003672108013586,CD3E
GO_Biological_Process_2023,Vesicle-Mediated Transport In Synapse (GO:0099003),0.39280569490110995,0.9999942086337028,0,0,2.1442486085343226,2.003672108013586,RAB3A
GO_Biological_Process_2023,Multicellular Organismal-Level Water Homeostasis (GO:0050891),0.39280569490110995,0.9999942086337028,0,0,2.1442486085343226,2.003672108013586,SCNN1B
GO_Biological_Process_2023,Negative Regulation Of Cell Migration Involved In Sprouting Angiogenesis (GO:0090051),0.39280569490110995,0.9999942086337028,0,0,2.1442486085343226,2.003672108013586,MAP2K5
GO_Biological_Process_2023,Negative Regulation Of Endoplasmic Reticulum Unfolded Protein Response (GO:1900102),0.39280569490110995,0.9999942086337028,0,0,2.1442486085343226,2.003672108013586,DDRGK1
GO_Biological_Process_2023,Negative Regulation Of Epidermal Growth Factor-Activated Receptor Activity (GO:0007175),0.39280569490110995,0.9999942086337028,0,0,2.1442486085343226,2.003672108013586,ZGPAT
GO_Biological_Process_2023,Negative Regulation Of Lipid Catabolic Process (GO:0050995),0.39280569490110995,0.9999942086337028,0,0,2.1442486085343226,2.003672108013586,BSCL2
GO_Biological_Process_2023,Negative Regulation Of Receptor Internalization (GO:0002091),0.39280569490110995,0.9999942086337028,0,0,2.1442486085343226,2.003672108013586,LRPAP1
GO_Biological_Process_2023,Nitric Oxide Biosynthetic Process (GO:0006809),0.39280569490110995,0.9999942086337028,0,0,2.1442486085343226,2.003672108013586,SPR
GO_Biological_Process_2023,Positive Regulation Of Embryonic Development (GO:0040019),0.39280569490110995,0.9999942086337028,0,0,2.1442486085343226,2.003672108013586,WNT1
GO_Biological_Process_2023,Positive Regulation Of Leukocyte Degranulation (GO:0043302),0.39280569490110995,0.9999942086337028,0,0,2.1442486085343226,2.003672108013586,CD177
GO_Biological_Process_2023,Positive Regulation Of Protein Export From Nucleus (GO:0046827),0.39280569490110995,0.9999942086337028,0,0,2.1442486085343226,2.003672108013586,EMD
GO_Biological_Process_2023,Positive Regulation Of Protein-Containing Complex Disassembly (GO:0043243),0.39280569490110995,0.9999942086337028,0,0,2.1442486085343226,2.003672108013586,TOM1
GO_Biological_Process_2023,Pseudouridine Synthesis (GO:0001522),0.39280569490110995,0.9999942086337028,0,0,2.1442486085343226,2.003672108013586,NHP2
GO_Biological_Process_2023,Regulation Of ATP Biosynthetic Process (GO:2001169),0.39280569490110995,0.9999942086337028,0,0,2.1442486085343226,2.003672108013586,VCP
GO_Biological_Process_2023,Regulation Of Adenylate Cyclase Activity (GO:0045761),0.39280569490110995,0.9999942086337028,0,0,2.1442486085343226,2.003672108013586,LTB4R2
GO_Biological_Process_2023,Autophagosome Organization (GO:1905037),0.4002041198375495,0.9999942086337028,0,0,1.3355979135810419,1.223114608491389,RAB43;MAP1LC3B2;GABARAP
GO_Biological_Process_2023,Inorganic Cation Import Across Plasma Membrane (GO:0098659),0.4002041198375495,0.9999942086337028,0,0,1.3355979135810419,1.223114608491389,SLC9A3;AQP8;SCNN1B
GO_Biological_Process_2023,Regulation Of T Cell Activation (GO:0050863),0.4002041198375495,0.9999942086337028,0,0,1.3355979135810419,1.223114608491389,MYDGF;HLA-DRB5;HLA-DQA2
GO_Biological_Process_2023,Establishment Of Protein Localization To Extracellular Region (GO:0035592),0.4055502194310675,0.9999942086337028,0,0,1.4744463373083476,1.3307034004785383,RAB3A;MIA2
GO_Biological_Process_2023,"Mitochondrial Electron Transport, NADH To Ubiquinone (GO:0006120)",0.4055502194310675,0.9999942086337028,0,0,1.4744463373083476,1.3307034004785383,NDUFB9;NDUFB6
GO_Biological_Process_2023,Negative Regulation Of Peptidase Activity (GO:0010466),0.4055502194310675,0.9999942086337028,0,0,1.4744463373083476,1.3307034004785383,CST3;TIMP4
GO_Biological_Process_2023,"Nuclear-Transcribed mRNA Catabolic Process, Deadenylation-Dependent Decay (GO:0000288)",0.4055502194310675,0.9999942086337028,0,0,1.4744463373083476,1.3307034004785383,EXOSC5;NLRP6
GO_Biological_Process_2023,Organic Hydroxy Compound Biosynthetic Process (GO:1901617),0.4055502194310675,0.9999942086337028,0,0,1.4744463373083476,1.3307034004785383,ALOX15;ALOX15B
GO_Biological_Process_2023,Response To Reactive Oxygen Species (GO:0000302),0.4112403627223898,0.9999942086337028,0,0,1.3107698141827835,1.1647204482794555,SQSTM1;MT3;PEX14
GO_Biological_Process_2023,Regulation Of Double-Strand Break Repair (GO:2000779),0.4113590622845939,0.9999942086337028,0,0,1.2419253261358525,1.1031883762921602,RTEL1;SMARCB1;ATRIP;OTUB1
GO_Biological_Process_2023,Positive Regulation Of Proteasomal Protein Catabolic Process (GO:1901800),0.4113590622845939,0.9999942086337028,0,0,1.2419253261358525,1.1031883762921602,VCP;DDRGK1;HSPBP1;GABARAP
GO_Biological_Process_2023,Regulation Of Cellular Respiration (GO:0043457),0.4175436627342231,0.9999942086337028,0,0,1.965419501133787,1.7165308800574928,VCP
GO_Biological_Process_2023,DNA Catabolic Process (GO:0006308),0.4175436627342231,0.9999942086337028,0,0,1.965419501133787,1.7165308800574928,TREX1
GO_Biological_Process_2023,Regulation Of Exit From Mitosis (GO:0007096),0.4175436627342231,0.9999942086337028,0,0,1.965419501133787,1.7165308800574928,PHB2
GO_Biological_Process_2023,Regulation Of Extracellular Matrix Disassembly (GO:0010715),0.4175436627342231,0.9999942086337028,0,0,1.965419501133787,1.7165308800574928,CST3
GO_Biological_Process_2023,Regulation Of Glucose Transmembrane Transport (GO:0010827),0.4175436627342231,0.9999942086337028,0,0,1.965419501133787,1.7165308800574928,CLIP3
GO_Biological_Process_2023,Regulation Of Insulin-Like Growth Factor Receptor Signaling Pathway (GO:0043567),0.4175436627342231,0.9999942086337028,0,0,1.965419501133787,1.7165308800574928,WNT1
GO_Biological_Process_2023,Regulation Of Lymphocyte Proliferation (GO:0050670),0.4175436627342231,0.9999942086337028,0,0,1.965419501133787,1.7165308800574928,MYDGF
GO_Biological_Process_2023,Regulation Of Macrophage Cytokine Production (GO:0010935),0.4175436627342231,0.9999942086337028,0,0,1.965419501133787,1.7165308800574928,HLA-G
GO_Biological_Process_2023,Regulation Of Macrophage Differentiation (GO:0045649),0.4175436627342231,0.9999942086337028,0,0,1.965419501133787,1.7165308800574928,HSF1
GO_Biological_Process_2023,Alpha-Beta T Cell Activation (GO:0046631),0.4175436627342231,0.9999942086337028,0,0,1.965419501133787,1.7165308800574928,CD3E
GO_Biological_Process_2023,Apoptotic Nuclear Changes (GO:0030262),0.4175436627342231,0.9999942086337028,0,0,1.965419501133787,1.7165308800574928,CDK5RAP3
GO_Biological_Process_2023,Regulation Of Non-Canonical Wnt Signaling Pathway (GO:2000050),0.4175436627342231,0.9999942086337028,0,0,1.965419501133787,1.7165308800574928,LBX2
GO_Biological_Process_2023,Cell Junction Maintenance (GO:0034331),0.4175436627342231,0.9999942086337028,0,0,1.965419501133787,1.7165308800574928,CD177
GO_Biological_Process_2023,Regulation Of Response To Cytokine Stimulus (GO:0060759),0.4175436627342231,0.9999942086337028,0,0,1.965419501133787,1.7165308800574928,MAP2K5
GO_Biological_Process_2023,Regulation Of Response To Endoplasmic Reticulum Stress (GO:1905897),0.4175436627342231,0.9999942086337028,0,0,1.965419501133787,1.7165308800574928,NR1H2
GO_Biological_Process_2023,Cellular Response To dsRNA (GO:0071359),0.4175436627342231,0.9999942086337028,0,0,1.965419501133787,1.7165308800574928,PQBP1
GO_Biological_Process_2023,Regulation Of Superoxide Anion Generation (GO:0032928),0.4175436627342231,0.9999942086337028,0,0,1.965419501133787,1.7165308800574928,CD177
GO_Biological_Process_2023,Cellular Response To Nitrogen Compound (GO:1901699),0.4175436627342231,0.9999942086337028,0,0,1.965419501133787,1.7165308800574928,HSF1
GO_Biological_Process_2023,Cellular Response To pH (GO:0071467),0.4175436627342231,0.9999942086337028,0,0,1.965419501133787,1.7165308800574928,SCNN1B
GO_Biological_Process_2023,Renal Absorption (GO:0070293),0.4175436627342231,0.9999942086337028,0,0,1.965419501133787,1.7165308800574928,SLC9A3R1
GO_Biological_Process_2023,Cytoplasmic Sequestering Of Protein (GO:0051220),0.4175436627342231,0.9999942086337028,0,0,1.965419501133787,1.7165308800574928,GET4
GO_Biological_Process_2023,Reticulophagy (GO:0061709),0.4175436627342231,0.9999942086337028,0,0,1.965419501133787,1.7165308800574928,DDRGK1
GO_Biological_Process_2023,"Endonucleolytic Cleavage Of Tricistronic rRNA Transcript (SSU-rRNA, 5.8S rRNA, LSU-rRNA) (GO:0000479)",0.4175436627342231,0.9999942086337028,0,0,1.965419501133787,1.7165308800574928,LTB4R2
GO_Biological_Process_2023,Endoplasmic Reticulum To Cytosol Transport (GO:1903513),0.4175436627342231,0.9999942086337028,0,0,1.965419501133787,1.7165308800574928,VCP
GO_Biological_Process_2023,Smooth Muscle Contraction (GO:0006939),0.4175436627342231,0.9999942086337028,0,0,1.965419501133787,1.7165308800574928,APBB1
GO_Biological_Process_2023,Establishment Of Apical/Basal Cell Polarity (GO:0035089),0.4175436627342231,0.9999942086337028,0,0,1.965419501133787,1.7165308800574928,SLC9A3R1
GO_Biological_Process_2023,Synaptic Vesicle Membrane Organization (GO:0048499),0.4175436627342231,0.9999942086337028,0,0,1.965419501133787,1.7165308800574928,SYNGR2
GO_Biological_Process_2023,tRNA Wobble Base Modification (GO:0002097),0.4175436627342231,0.9999942086337028,0,0,1.965419501133787,1.7165308800574928,URM1
GO_Biological_Process_2023,tRNA Wobble Uridine Modification (GO:0002098),0.4175436627342231,0.9999942086337028,0,0,1.965419501133787,1.7165308800574928,URM1
GO_Biological_Process_2023,Folic Acid-Containing Compound Metabolic Process (GO:0006760),0.4175436627342231,0.9999942086337028,0,0,1.965419501133787,1.7165308800574928,SLC25A32
GO_Biological_Process_2023,Immune Response-Regulating Cell Surface Receptor Signaling Pathway (GO:0002768),0.4175436627342231,0.9999942086337028,0,0,1.965419501133787,1.7165308800574928,HLA-G
GO_Biological_Process_2023,Keratan Sulfate Biosynthetic Process (GO:0018146),0.4175436627342231,0.9999942086337028,0,0,1.965419501133787,1.7165308800574928,CHST5
GO_Biological_Process_2023,Modulation By Symbiont Of Entry Into Host (GO:0052372),0.4175436627342231,0.9999942086337028,0,0,1.965419501133787,1.7165308800574928,TRIM34
GO_Biological_Process_2023,Monocarboxylic Acid Catabolic Process (GO:0072329),0.4175436627342231,0.9999942086337028,0,0,1.965419501133787,1.7165308800574928,LDHD
GO_Biological_Process_2023,Negative Regulation Of Leukocyte Mediated Cytotoxicity (GO:0001911),0.4175436627342231,0.9999942086337028,0,0,1.965419501133787,1.7165308800574928,HLA-G
GO_Biological_Process_2023,Negative Regulation Of Translational Initiation (GO:0045947),0.4175436627342231,0.9999942086337028,0,0,1.965419501133787,1.7165308800574928,EIF4EBP3
GO_Biological_Process_2023,Nitric Oxide Metabolic Process (GO:0046209),0.4175436627342231,0.9999942086337028,0,0,1.965419501133787,1.7165308800574928,SPR
GO_Biological_Process_2023,Positive Regulation Of Macrophage Derived Foam Cell Differentiation (GO:0010744),0.4175436627342231,0.9999942086337028,0,0,1.965419501133787,1.7165308800574928,ALOX15B
GO_Biological_Process_2023,Positive Regulation Of Mitochondrial Translation (GO:0070131),0.4175436627342231,0.9999942086337028,0,0,1.965419501133787,1.7165308800574928,NGRN
GO_Biological_Process_2023,Positive Regulation Of Potassium Ion Transport (GO:0043268),0.4175436627342231,0.9999942086337028,0,0,1.965419501133787,1.7165308800574928,NOS1AP
GO_Biological_Process_2023,Positive Regulation Of Transcription Regulatory Region DNA Binding (GO:2000679),0.4175436627342231,0.9999942086337028,0,0,1.965419501133787,1.7165308800574928,DDRGK1
GO_Biological_Process_2023,Post-Translational Protein Targeting To Endoplasmic Reticulum Membrane (GO:0006620),0.4175436627342231,0.9999942086337028,0,0,1.965419501133787,1.7165308800574928,GET4
GO_Biological_Process_2023,Regulation Of IRE1-mediated Unfolded Protein Response (GO:1903894),0.4175436627342231,0.9999942086337028,0,0,1.965419501133787,1.7165308800574928,DDRGK1
GO_Biological_Process_2023,Regulation Of Aerobic Respiration (GO:1903715),0.4175436627342231,0.9999942086337028,0,0,1.965419501133787,1.7165308800574928,VCP
GO_Biological_Process_2023,Regulation Of Cardiac Muscle Cell Membrane Repolarization (GO:0099623),0.4175436627342231,0.9999942086337028,0,0,1.965419501133787,1.7165308800574928,NOS1AP
GO_Biological_Process_2023,Regulation Of Cardiac Muscle Contraction By Regulation Of The Release Of Sequestered Calcium Ion (GO:0010881),0.4175436627342231,0.9999942086337028,0,0,1.965419501133787,1.7165308800574928,GSTM2
GO_Biological_Process_2023,Establishment Or Maintenance Of Epithelial Cell Apical/Basal Polarity (GO:0045197),0.41986600332074714,0.9999942086337028,0,0,1.429662898146714,1.2406895677842154,SLC9A3R1;LLGL1
GO_Biological_Process_2023,Negative Regulation Of Proteasomal Protein Catabolic Process (GO:1901799),0.41986600332074714,0.9999942086337028,0,0,1.429662898146714,1.2406895677842154,DDRGK1;PSMF1
GO_Biological_Process_2023,Nucleic Acid-Templated Transcription (GO:0097659),0.41986600332074714,0.9999942086337028,0,0,1.429662898146714,1.2406895677842154,PPP5C;TCEA3
GO_Biological_Process_2023,Positive Regulation Of Response To Biotic Stimulus (GO:0002833),0.41986600332074714,0.9999942086337028,0,0,1.429662898146714,1.2406895677842154,POLR3C;POLR3D
GO_Biological_Process_2023,Muscle Contraction (GO:0006936),0.4222128658914696,0.9999942086337028,0,0,1.2868445547626435,1.1095761460537166,CKMT2;APBB1;EMD
GO_Biological_Process_2023,Protein-Containing Complex Disassembly (GO:0032984),0.4222128658914696,0.9999942086337028,0,0,1.2868445547626435,1.1095761460537166,NAPA;VCP;PEX14
GO_Biological_Process_2023,Transcription By RNA Polymerase II (GO:0006366),0.42639546415134183,0.9999942086337028,0,0,1.1238423080075404,0.957949746384498,SRCAP;NR1H2;PIR;POLR2E;GTF2F1;MED27;GTF2H4;ELL3
GO_Biological_Process_2023,Negative Regulation Of Protein Binding (GO:0032091),0.4331151300598487,0.9999942086337028,0,0,1.263773768893223,1.0574648457937952,LRPAP1;GTF2F1;PEX14
GO_Biological_Process_2023,Base-Excision Repair (GO:0006284),0.4340035238286834,0.9999942086337028,0,0,1.387513778935765,1.1581613941864586,XRCC1;MUTYH
GO_Biological_Process_2023,Lysosome Localization (GO:0032418),0.4340035238286834,0.9999942086337028,0,0,1.387513778935765,1.1581613941864586,RNF167;RAB3A
GO_Biological_Process_2023,Negative Regulation Of Tumor Necrosis Factor Production (GO:0032720),0.4340035238286834,0.9999942086337028,0,0,1.387513778935765,1.1581613941864586,CHRNA7;NFKBIL1
GO_Biological_Process_2023,Positive Regulation Of Pattern Recognition Receptor Signaling Pathway (GO:0062208),0.4340035238286834,0.9999942086337028,0,0,1.387513778935765,1.1581613941864586,TICAM2;TLR9
GO_Biological_Process_2023,DNA-templated Transcription (GO:0006351),0.43882066328678176,0.9999942086337028,0,0,1.1104586412878403,0.9146453185121871,PPP5C;HSF1;TCEA3;PIR;POLR2E;GTF2F1;GTF2H4;ELL3
GO_Biological_Process_2023,Regulation Of Cholesterol Biosynthetic Process (GO:0045540),0.44127540947446076,0.9999942086337028,0,0,1.814102564102564,1.4840920684123258,AQP8
GO_Biological_Process_2023,B Cell Mediated Immunity (GO:0019724),0.44127540947446076,0.9999942086337028,0,0,1.814102564102564,1.4840920684123258,HLA-G
GO_Biological_Process_2023,"G Protein-Coupled Receptor Signaling Pathway, Coupled To Cyclic Nucleotide Second Messenger (GO:0007187)",0.44127540947446076,0.9999942086337028,0,0,1.814102564102564,1.4840920684123258,CNR1
GO_Biological_Process_2023,Acylglycerol Homeostasis (GO:0055090),0.44127540947446076,0.9999942086337028,0,0,1.814102564102564,1.4840920684123258,LIPC
GO_Biological_Process_2023,Regulation Of Oxidative Phosphorylation (GO:0002082),0.44127540947446076,0.9999942086337028,0,0,1.814102564102564,1.4840920684123258,VCP
GO_Biological_Process_2023,Calcium-Dependent Cell-Cell Adhesion Via Plasma Membrane Cell Adhesion Molecules (GO:0016339),0.44127540947446076,0.9999942086337028,0,0,1.814102564102564,1.4840920684123258,PCDHGC3
GO_Biological_Process_2023,Response To Fatty Acid (GO:0070542),0.44127540947446076,0.9999942086337028,0,0,1.814102564102564,1.4840920684123258,PPP5C
GO_Biological_Process_2023,Energy Reserve Metabolic Process (GO:0006112),0.44127540947446076,0.9999942086337028,0,0,1.814102564102564,1.4840920684123258,MT3
GO_Biological_Process_2023,Formation Of Cytoplasmic Translation Initiation Complex (GO:0001732),0.44127540947446076,0.9999942086337028,0,0,1.814102564102564,1.4840920684123258,EIF3I
GO_Biological_Process_2023,Intracellular Sodium Ion Homeostasis (GO:0006883),0.44127540947446076,0.9999942086337028,0,0,1.814102564102564,1.4840920684123258,SCNN1B
GO_Biological_Process_2023,Intracellular Zinc Ion Homeostasis (GO:0006882),0.44127540947446076,0.9999942086337028,0,0,1.814102564102564,1.4840920684123258,MT3
GO_Biological_Process_2023,mRNA Methylation (GO:0080009),0.44127540947446076,0.9999942086337028,0,0,1.814102564102564,1.4840920684123258,PCIF1
GO_Biological_Process_2023,"Maturation Of LSU-rRNA From Tricistronic rRNA Transcript (SSU-rRNA, 5.8S rRNA, LSU-rRNA) (GO:0000463)",0.44127540947446076,0.9999942086337028,0,0,1.814102564102564,1.4840920684123258,PES1
GO_Biological_Process_2023,Negative Regulation Of T Cell Mediated Immunity (GO:0002710),0.44127540947446076,0.9999942086337028,0,0,1.814102564102564,1.4840920684123258,HLA-G
GO_Biological_Process_2023,Negative Regulation Of Natural Killer Cell Mediated Cytotoxicity (GO:0045953),0.44127540947446076,0.9999942086337028,0,0,1.814102564102564,1.4840920684123258,HLA-G
GO_Biological_Process_2023,Negative Regulation Of Telomere Maintenance (GO:0032205),0.44127540947446076,0.9999942086337028,0,0,1.814102564102564,1.4840920684123258,RTEL1
GO_Biological_Process_2023,Negative Regulation Of Transcription Elongation By RNA Polymerase II (GO:0034244),0.44127540947446076,0.9999942086337028,0,0,1.814102564102564,1.4840920684123258,NELFE
GO_Biological_Process_2023,Neuron Projection Organization (GO:0106027),0.44127540947446076,0.9999942086337028,0,0,1.814102564102564,1.4840920684123258,CHRNA7
GO_Biological_Process_2023,Polarized Epithelial Cell Differentiation (GO:0030859),0.44127540947446076,0.9999942086337028,0,0,1.814102564102564,1.4840920684123258,SLC9A3R1
GO_Biological_Process_2023,Positive Regulation Of Axon Extension (GO:0045773),0.44127540947446076,0.9999942086337028,0,0,1.814102564102564,1.4840920684123258,L1CAM
GO_Biological_Process_2023,Positive Regulation Of Cartilage Development (GO:0061036),0.44127540947446076,0.9999942086337028,0,0,1.814102564102564,1.4840920684123258,ZBTB16
GO_Biological_Process_2023,Positive Regulation Of Endothelial Cell Apoptotic Process (GO:2000353),0.44127540947446076,0.9999942086337028,0,0,1.814102564102564,1.4840920684123258,HLA-G
GO_Biological_Process_2023,Positive Regulation Of Epidermal Cell Differentiation (GO:0045606),0.44127540947446076,0.9999942086337028,0,0,1.814102564102564,1.4840920684123258,NME2
GO_Biological_Process_2023,Positive Regulation Of Homotypic Cell-Cell Adhesion (GO:0034112),0.44127540947446076,0.9999942086337028,0,0,1.814102564102564,1.4840920684123258,MMRN1
GO_Biological_Process_2023,Positive Regulation Of Protein Processing (GO:0010954),0.44127540947446076,0.9999942086337028,0,0,1.814102564102564,1.4840920684123258,CLEC3B
GO_Biological_Process_2023,Positive Regulation Of Telomerase RNA Localization To Cajal Body (GO:1904874),0.44127540947446076,0.9999942086337028,0,0,1.814102564102564,1.4840920684123258,NHP2
GO_Biological_Process_2023,Positive Regulation Of Transmembrane Transport (GO:0034764),0.44127540947446076,0.9999942086337028,0,0,1.814102564102564,1.4840920684123258,CLIP3
GO_Biological_Process_2023,Regulation Of Amyloid Fibril Formation (GO:1905906),0.44127540947446076,0.9999942086337028,0,0,1.814102564102564,1.4840920684123258,CHRNA7
GO_Biological_Process_2023,Regulation Of Cell Cycle G2/M Phase Transition (GO:1902749),0.44127540947446076,0.9999942086337028,0,0,1.814102564102564,1.4840920684123258,CDK3
GO_Biological_Process_2023,Negative Regulation Of Supramolecular Fiber Organization (GO:1902904),0.44394101978008077,0.9999942086337028,0,0,1.2415124842823784,1.0081870523729008,CLIP3;CHADL;TUBB4A
GO_Biological_Process_2023,Negative Regulation Of Cellular Metabolic Process (GO:0031324),0.4479535626309661,0.9999942086337028,0,0,1.3477731808225846,1.0823504220381424,WNT1;MT3
GO_Biological_Process_2023,Positive Regulation Of Innate Immune Response (GO:0045089),0.4479535626309661,0.9999942086337028,0,0,1.3477731808225846,1.0823504220381424,POLR3C;POLR3D
GO_Biological_Process_2023,Regulated Exocytosis (GO:0045055),0.4479535626309661,0.9999942086337028,0,0,1.3477731808225846,1.0823504220381424,RAB3A;SYNGR2
GO_Biological_Process_2023,Regulation Of Protein Metabolic Process (GO:0051246),0.4480259190963098,0.9999942086337028,0,0,1.1794871794871795,0.9470152021356453,CHRNA7;NR1H2;PCIF1;MAP2K5
GO_Biological_Process_2023,Neuron Projection Morphogenesis (GO:0048812),0.4499623209402339,0.9999942086337028,0,0,1.1451822050804628,0.9145326958735549,RAB3A;NRN1;APBB1;S100B;LLGL1
GO_Biological_Process_2023,Positive Regulation Of Defense Response (GO:0031349),0.4499623209402339,0.9999942086337028,0,0,1.1451822050804628,0.9145326958735549,RNF31;NLRP6;POLR3C;POLR3D;TLR9
GO_Biological_Process_2023,Regulation Of Programmed Cell Death (GO:0043067),0.4512130719515276,0.9999942086337028,0,0,1.108385802255587,0.8820707207816297,ACER2;VCP;RTKN;ACTN2;NME2;CD3E;LCMT1
GO_Biological_Process_2023,Organonitrogen Compound Catabolic Process (GO:1901565),0.45468475554629323,0.9999942086337028,0,0,1.220018830175356,0.9615589940575993,SMPD2;LIPC;SQSTM1
GO_Biological_Process_2023,Phagocytosis (GO:0006909),0.45468475554629323,0.9999942086337028,0,0,1.220018830175356,0.9615589940575993,TICAM2;ADORA2A;ALOX15
GO_Biological_Process_2023,Positive Regulation Of Protein Polymerization (GO:0032273),0.45468475554629323,0.9999942086337028,0,0,1.220018830175356,0.9615589940575993,CCL24;ALOX15;DRG1
GO_Biological_Process_2023,Protein Targeting To Membrane (GO:0006612),0.45468475554629323,0.9999942086337028,0,0,1.220018830175356,0.9615589940575993,PEX16;ZDHHC1;GET4
GO_Biological_Process_2023,Positive Regulation Of MAPK Cascade (GO:0043410),0.46159565859765,0.9999942086337028,0,0,1.0723818495839221,0.829021913633222,MYDGF;CCL24;EPGN;GDF15;CHRNA7;ALOX15;TLR9;PHB2;MT3;MAP2K5
GO_Biological_Process_2023,Regulation Of Chemokine Production (GO:0032642),0.4617079444065136,0.9999942086337028,0,0,1.310240393715692,1.012583574744798,TLR9;ALOX15B
GO_Biological_Process_2023,Regulation Of Release Of Sequestered Calcium Ion Into Cytosol (GO:0051279),0.4617079444065136,0.9999942086337028,0,0,1.310240393715692,1.012583574744798,GSTM2;LIME1
GO_Biological_Process_2023,Energy Derivation By Oxidation Of Organic Compounds (GO:0015980),0.4617079444065136,0.9999942086337028,0,0,1.310240393715692,1.012583574744798,CYC1;MT3
GO_Biological_Process_2023,Icosanoid Metabolic Process (GO:0006690),0.4617079444065136,0.9999942086337028,0,0,1.310240393715692,1.012583574744798,ALOX15;ALOX15B
GO_Biological_Process_2023,Negative Regulation Of Tumor Necrosis Factor Superfamily Cytokine Production (GO:1903556),0.4617079444065136,0.9999942086337028,0,0,1.310240393715692,1.012583574744798,NFKBIL1;CHRNA7
GO_Biological_Process_2023,Positive Regulation Of Cytokine-Mediated Signaling Pathway (GO:0001961),0.4617079444065136,0.9999942086337028,0,0,1.310240393715692,1.012583574744798,TICAM2;NLRP6
GO_Biological_Process_2023,Pyruvate Metabolic Process (GO:0006090),0.4617079444065136,0.9999942086337028,0,0,1.310240393715692,1.012583574744798,GPI;ME3
GO_Biological_Process_2023,Regulation Of Cellular Response To Heat (GO:1900034),0.4640417965154464,0.9999942086337028,0,0,1.684402332361516,1.2932515211656317,HSF1
GO_Biological_Process_2023,Regulation Of Epithelial Cell Differentiation (GO:0030856),0.4640417965154464,0.9999942086337028,0,0,1.684402332361516,1.2932515211656317,ALOX15B
GO_Biological_Process_2023,Regulation Of Establishment Or Maintenance Of Cell Polarity (GO:0032878),0.4640417965154464,0.9999942086337028,0,0,1.684402332361516,1.2932515211656317,LLGL1
GO_Biological_Process_2023,Regulation Of Phosphatase Activity (GO:0010921),0.4640417965154464,0.9999942086337028,0,0,1.684402332361516,1.2932515211656317,CDK5RAP3
GO_Biological_Process_2023,Branched-Chain Amino Acid Metabolic Process (GO:0009081),0.4640417965154464,0.9999942086337028,0,0,1.684402332361516,1.2932515211656317,BCKDHA
GO_Biological_Process_2023,Regulation Of Plasminogen Activation (GO:0010755),0.4640417965154464,0.9999942086337028,0,0,1.684402332361516,1.2932515211656317,CLEC3B
GO_Biological_Process_2023,Calcium-Ion Regulated Exocytosis (GO:0017156),0.4640417965154464,0.9999942086337028,0,0,1.684402332361516,1.2932515211656317,RAB3A
GO_Biological_Process_2023,Regulation Of Protein Sumoylation (GO:0033233),0.4640417965154464,0.9999942086337028,0,0,1.684402332361516,1.2932515211656317,RWDD3
GO_Biological_Process_2023,Cellular Response To Gamma Radiation (GO:0071480),0.4640417965154464,0.9999942086337028,0,0,1.684402332361516,1.2932515211656317,HSF1
GO_Biological_Process_2023,Regulation Of Telomere Maintenance In Response To DNA Damage (GO:1904505),0.4640417965154464,0.9999942086337028,0,0,1.684402332361516,1.2932515211656317,RTEL1
GO_Biological_Process_2023,Regulation Of Tissue Remodeling (GO:0034103),0.4640417965154464,0.9999942086337028,0,0,1.684402332361516,1.2932515211656317,CST3
GO_Biological_Process_2023,Regulation Of Triglyceride Biosynthetic Process (GO:0010866),0.4640417965154464,0.9999942086337028,0,0,1.684402332361516,1.2932515211656317,NR1H2
GO_Biological_Process_2023,Cellular Response To Unfolded Protein (GO:0034620),0.4640417965154464,0.9999942086337028,0,0,1.684402332361516,1.2932515211656317,HSF1
GO_Biological_Process_2023,Regulation Of Viral Life Cycle (GO:1903900),0.4640417965154464,0.9999942086337028,0,0,1.684402332361516,1.2932515211656317,TRIM34
GO_Biological_Process_2023,Cholesterol Efflux (GO:0033344),0.4640417965154464,0.9999942086337028,0,0,1.684402332361516,1.2932515211656317,APOM
GO_Biological_Process_2023,Response To ATP (GO:0033198),0.4640417965154464,0.9999942086337028,0,0,1.684402332361516,1.2932515211656317,P2RY12
GO_Biological_Process_2023,Response To Cholesterol (GO:0070723),0.4640417965154464,0.9999942086337028,0,0,1.684402332361516,1.2932515211656317,CES1
GO_Biological_Process_2023,"Retrograde Protein Transport, ER To Cytosol (GO:0030970)",0.4640417965154464,0.9999942086337028,0,0,1.684402332361516,1.2932515211656317,VCP
GO_Biological_Process_2023,Dicarboxylic Acid Transport (GO:0006835),0.4640417965154464,0.9999942086337028,0,0,1.684402332361516,1.2932515211656317,SLC25A32
GO_Biological_Process_2023,Endosome To Lysosome Transport Via Multivesicular Body Sorting Pathway (GO:0032510),0.4640417965154464,0.9999942086337028,0,0,1.684402332361516,1.2932515211656317,VCP
GO_Biological_Process_2023,Glycogen Metabolic Process (GO:0005977),0.4640417965154464,0.9999942086337028,0,0,1.684402332361516,1.2932515211656317,STBD1
GO_Biological_Process_2023,Intracellular Monoatomic Ion Homeostasis (GO:0006873),0.4640417965154464,0.9999942086337028,0,0,1.684402332361516,1.2932515211656317,MT3
GO_Biological_Process_2023,Keratan Sulfate Metabolic Process (GO:0042339),0.4640417965154464,0.9999942086337028,0,0,1.684402332361516,1.2932515211656317,CHST5
GO_Biological_Process_2023,Modulation Of Excitatory Postsynaptic Potential (GO:0098815),0.4640417965154464,0.9999942086337028,0,0,1.684402332361516,1.2932515211656317,CHRNA7
GO_Biological_Process_2023,Negative Regulation Of Chemokine Production (GO:0032682),0.4640417965154464,0.9999942086337028,0,0,1.684402332361516,1.2932515211656317,MAP2K5
GO_Biological_Process_2023,Negative Regulation Of Reactive Oxygen Species Metabolic Process (GO:2000378),0.4640417965154464,0.9999942086337028,0,0,1.684402332361516,1.2932515211656317,MT3
GO_Biological_Process_2023,Negative Regulation Of Viral-Induced Cytoplasmic Pattern Recognition Receptor Signaling Pathway (GO:0039532),0.4640417965154464,0.9999942086337028,0,0,1.684402332361516,1.2932515211656317,GPATCH3
GO_Biological_Process_2023,Nucleotide-Sugar Biosynthetic Process (GO:0009226),0.4640417965154464,0.9999942086337028,0,0,1.684402332361516,1.2932515211656317,NANS
GO_Biological_Process_2023,Phagosome Maturation (GO:0090382),0.4640417965154464,0.9999942086337028,0,0,1.684402332361516,1.2932515211656317,RAB43
GO_Biological_Process_2023,Positive Regulation By Host Of Viral Transcription (GO:0043923),0.4640417965154464,0.9999942086337028,0,0,1.684402332361516,1.2932515211656317,SMARCB1
GO_Biological_Process_2023,Positive Regulation Of Amyloid-Beta Formation (GO:1902004),0.4640417965154464,0.9999942086337028,0,0,1.684402332361516,1.2932515211656317,CHRNA7
GO_Biological_Process_2023,Positive Regulation Of Cation Transmembrane Transport (GO:1904064),0.4640417965154464,0.9999942086337028,0,0,1.684402332361516,1.2932515211656317,NOS1AP
GO_Biological_Process_2023,Positive Regulation Of Fatty Acid Metabolic Process (GO:0045923),0.4640417965154464,0.9999942086337028,0,0,1.684402332361516,1.2932515211656317,NR1H2
GO_Biological_Process_2023,Positive Regulation Of Potassium Ion Transmembrane Transport (GO:1901381),0.4640417965154464,0.9999942086337028,0,0,1.684402332361516,1.2932515211656317,NOS1AP
GO_Biological_Process_2023,Positive Regulation Of Triglyceride Metabolic Process (GO:0090208),0.4640417965154464,0.9999942086337028,0,0,1.684402332361516,1.2932515211656317,NR1H2
GO_Biological_Process_2023,Protein Localization To Cell-Cell Junction (GO:0150105),0.4640417965154464,0.9999942086337028,0,0,1.684402332361516,1.2932515211656317,ARHGEF18
GO_Biological_Process_2023,Protein Localization To Endoplasmic Reticulum (GO:0070972),0.4640417965154464,0.9999942086337028,0,0,1.684402332361516,1.2932515211656317,DDRGK1
GO_Biological_Process_2023,rRNA Modification (GO:0000154),0.4640417965154464,0.9999942086337028,0,0,1.684402332361516,1.2932515211656317,NHP2
GO_Biological_Process_2023,Receptor Clustering (GO:0043113),0.4640417965154464,0.9999942086337028,0,0,1.684402332361516,1.2932515211656317,MADCAM1
GO_Biological_Process_2023,Regulation Of RIG-I Signaling Pathway (GO:0039535),0.4640417965154464,0.9999942086337028,0,0,1.684402332361516,1.2932515211656317,GPATCH3
GO_Biological_Process_2023,Regulation Of Rac Protein Signal Transduction (GO:0035020),0.4640417965154464,0.9999942086337028,0,0,1.684402332361516,1.2932515211656317,GABARAP
GO_Biological_Process_2023,Positive Regulation Of Response To External Stimulus (GO:0032103),0.4652810889309417,0.9999942086337028,0,0,1.1057032590051459,0.8459885608944137,RNF31;P2RY12;NLRP6;POLR3C;POLR3D;TLR9
GO_Biological_Process_2023,protein-RNA Complex Assembly (GO:0022618),0.4652810889309417,0.9999942086337028,0,0,1.1057032590051459,0.8459885608944137,RRP7A;SF3A2;PUF60;EIF3I;RPLP0;PWP2
GO_Biological_Process_2023,Cellular Response To Alcohol (GO:0097306),0.47525946735620644,0.9999942086337028,0,0,1.2747364059118744,0.9482692445410604,SCNN1B;CES1
GO_Biological_Process_2023,Sterol Metabolic Process (GO:0016125),0.47525946735620644,0.9999942086337028,0,0,1.2747364059118744,0.9482692445410604,CYP51A1;CES1
GO_Biological_Process_2023,Regulation Of Cell-Substrate Adhesion (GO:0010810),0.47525946735620644,0.9999942086337028,0,0,1.2747364059118744,0.9482692445410604,ALOX15;WNT1
GO_Biological_Process_2023,Negative Regulation Of Immune Response (GO:0050777),0.47590437734189517,0.9999942086337028,0,0,1.1791808873720135,0.8755870102597272,TREX1;ALOX15;HLA-G
GO_Biological_Process_2023,Regulation Of T Cell Proliferation (GO:0042129),0.47590437734189517,0.9999942086337028,0,0,1.1791808873720135,0.8755870102597272,MYDGF;CD3E;HLA-G
GO_Biological_Process_2023,Positive Regulation Of I-kappaB kinase/NF-kappaB Signaling (GO:0043123),0.48421331388377936,0.9999942086337028,0,0,1.0720087472664792,0.7774526231218803,RNF31;PPP5C;TICAM2;TLR9;CCDC22;S100B;TRIM34
GO_Biological_Process_2023,N-glycan Processing (GO:0006491),0.48588202851883255,0.9999942086337028,0,0,1.5719954648526078,1.134649701453783,GNPTG
GO_Biological_Process_2023,RNA-templated DNA Biosynthetic Process (GO:0006278),0.48588202851883255,0.9999942086337028,0,0,1.5719954648526078,1.134649701453783,NHP2
GO_Biological_Process_2023,Regulation Of Lipid Catabolic Process (GO:0050994),0.48588202851883255,0.9999942086337028,0,0,1.5719954648526078,1.134649701453783,BSCL2
GO_Biological_Process_2023,Branched-Chain Amino Acid Catabolic Process (GO:0009083),0.48588202851883255,0.9999942086337028,0,0,1.5719954648526078,1.134649701453783,BCKDHA
GO_Biological_Process_2023,Regulation Of Protein-Containing Complex Disassembly (GO:0043244),0.48588202851883255,0.9999942086337028,0,0,1.5719954648526078,1.134649701453783,CLEC16A
GO_Biological_Process_2023,Regulation Of Release Of Sequestered Calcium Ion Into Cytosol By Sarcoplasmic Reticulum (GO:0010880),0.48588202851883255,0.9999942086337028,0,0,1.5719954648526078,1.134649701453783,GSTM2
GO_Biological_Process_2023,Regulation Of Ryanodine-Sensitive Calcium-Release Channel Activity (GO:0060314),0.48588202851883255,0.9999942086337028,0,0,1.5719954648526078,1.134649701453783,GSTM2
GO_Biological_Process_2023,Regulation Of Telomere Maintenance Via Telomere Lengthening (GO:1904356),0.48588202851883255,0.9999942086337028,0,0,1.5719954648526078,1.134649701453783,RTEL1
GO_Biological_Process_2023,Response To Axon Injury (GO:0048678),0.48588202851883255,0.9999942086337028,0,0,1.5719954648526078,1.134649701453783,P2RY12
GO_Biological_Process_2023,Sphingosine Metabolic Process (GO:0006670),0.48588202851883255,0.9999942086337028,0,0,1.5719954648526078,1.134649701453783,ACER2
GO_Biological_Process_2023,Telomere Maintenance Via Telomerase (GO:0007004),0.48588202851883255,0.9999942086337028,0,0,1.5719954648526078,1.134649701453783,NHP2
GO_Biological_Process_2023,Toll-Like Receptor 4 Signaling Pathway (GO:0034142),0.48588202851883255,0.9999942086337028,0,0,1.5719954648526078,1.134649701453783,TICAM2
GO_Biological_Process_2023,Negative Regulation Of G Protein-Coupled Receptor Signaling Pathway (GO:0045744),0.48588202851883255,0.9999942086337028,0,0,1.5719954648526078,1.134649701453783,LRPAP1
GO_Biological_Process_2023,Negative Regulation Of Amyloid-Beta Formation (GO:1902430),0.48588202851883255,0.9999942086337028,0,0,1.5719954648526078,1.134649701453783,CHRNA7
GO_Biological_Process_2023,Negative Regulation Of Cellular Senescence (GO:2000773),0.48588202851883255,0.9999942086337028,0,0,1.5719954648526078,1.134649701453783,WNT1
GO_Biological_Process_2023,Negative Regulation Of Extrinsic Apoptotic Signaling Pathway In Absence Of Ligand (GO:2001240),0.48588202851883255,0.9999942086337028,0,0,1.5719954648526078,1.134649701453783,MAP2K5
GO_Biological_Process_2023,Negative Regulation Of Signal Transduction In Absence Of Ligand (GO:1901099),0.48588202851883255,0.9999942086337028,0,0,1.5719954648526078,1.134649701453783,MAP2K5
GO_Biological_Process_2023,Nuclear Migration (GO:0007097),0.48588202851883255,0.9999942086337028,0,0,1.5719954648526078,1.134649701453783,SLC9A3R1
GO_Biological_Process_2023,Nuclear-Transcribed mRNA poly(A) Tail Shortening (GO:0000289),0.48588202851883255,0.9999942086337028,0,0,1.5719954648526078,1.134649701453783,NLRP6
GO_Biological_Process_2023,Peptidyl-Threonine Dephosphorylation (GO:0035970),0.48588202851883255,0.9999942086337028,0,0,1.5719954648526078,1.134649701453783,PPP5C
GO_Biological_Process_2023,Phosphatidylethanolamine Metabolic Process (GO:0046337),0.48588202851883255,0.9999942086337028,0,0,1.5719954648526078,1.134649701453783,ALOX15
GO_Biological_Process_2023,Positive Regulation Of Macrophage Migration (GO:1905523),0.48588202851883255,0.9999942086337028,0,0,1.5719954648526078,1.134649701453783,P2RY12
GO_Biological_Process_2023,Positive Regulation Of Regulatory T Cell Differentiation (GO:0045591),0.48588202851883255,0.9999942086337028,0,0,1.5719954648526078,1.134649701453783,HLA-G
GO_Biological_Process_2023,Positive Regulation Of Telomere Capping (GO:1904355),0.48588202851883255,0.9999942086337028,0,0,1.5719954648526078,1.134649701453783,RTEL1
GO_Biological_Process_2023,Regulation Of Cartilage Development (GO:0061035),0.48588202851883255,0.9999942086337028,0,0,1.5719954648526078,1.134649701453783,ZBTB16
GO_Biological_Process_2023,Regulation Of Cellular Biosynthetic Process (GO:0031326),0.4863704082984529,0.9999942086337028,0,0,1.1597661276786213,0.8359417829127133,NOS1AP;PCIF1;CES1
GO_Biological_Process_2023,Positive Regulation Of NF-kappaB Transcription Factor Activity (GO:0051092),0.4867026697736654,0.9999942086337028,0,0,1.080146124939442,0.777815251676091,RNF31;PSMA6;TICAM2;DDRGK1;TLR9;TRIM34
GO_Biological_Process_2023,DNA Recombination (GO:0006310),0.48860183784141653,0.9999942086337028,0,0,1.2411010490451,0.8888857042434718,RTEL1;TREX1
GO_Biological_Process_2023,Cartilage Development (GO:0051216),0.48860183784141653,0.9999942086337028,0,0,1.2411010490451,0.8888857042434718,DDRGK1;ZBTB16
GO_Biological_Process_2023,Response To Unfolded Protein (GO:0006986),0.48860183784141653,0.9999942086337028,0,0,1.2411010490451,0.8888857042434718,HSF1;DNAJC4
GO_Biological_Process_2023,Negative Regulation Of Response To Biotic Stimulus (GO:0002832),0.48860183784141653,0.9999942086337028,0,0,1.2411010490451,0.8888857042434718,NFKBIL1;TREX1
GO_Biological_Process_2023,Regulation Of DNA-templated Transcription Elongation (GO:0032784),0.48860183784141653,0.9999942086337028,0,0,1.2411010490451,0.8888857042434718,SRCAP;ELL3
GO_Biological_Process_2023,Regulation Of Cellular Component Size (GO:0032535),0.48860183784141653,0.9999942086337028,0,0,1.2411010490451,0.8888857042434718,SLC9A3R1;PEX11G
GO_Biological_Process_2023,Regulation Of Macroautophagy (GO:0016241),0.4927845245006875,0.9999942086337028,0,0,1.109703368526898,0.7853185090803615,CLEC16A;MTMR8;SNX32;ATP6V0C
GO_Biological_Process_2023,Regulation Of Endocytosis (GO:0030100),0.49673455734828925,0.9999942086337028,0,0,1.1409776505559837,0.7983414749523634,CLIP3;LRPAP1;CD177
GO_Biological_Process_2023,Translation (GO:0006412),0.49709037625369656,0.9999942086337028,0,0,1.0454645829794462,0.7307624158139749,MRPS24;MTG1;RPLP0;MRPL38;DRG1;MRPS18A;MRPL24;MRPL21;TUFM
GO_Biological_Process_2023,Protein-Containing Complex Organization (GO:0043933),0.4973073530677641,0.9999942086337028,0,0,1.0816733693603118,0.7555997167745844,SLC9A3R1;HSF1;CD3E;LLGL1;PEX14
GO_Biological_Process_2023,Regulation Of Ubiquitin-Dependent Protein Catabolic Process (GO:2000058),0.5017296086500039,0.9999942086337028,0,0,1.2091905822740576,0.8339714079392937,CCDC22;CDK5RAP3
GO_Biological_Process_2023,Establishment Of Protein Localization To Mitochondrion (GO:0072655),0.5017296086500039,0.9999942086337028,0,0,1.2091905822740576,0.8339714079392937,TIMM23;TIMM50
GO_Biological_Process_2023,Positive Regulation Of Leukocyte Cell-Cell Adhesion (GO:1903039),0.5017296086500039,0.9999942086337028,0,0,1.2091905822740576,0.8339714079392937,HLA-DRB5;HLA-DQA2
GO_Biological_Process_2023,Positive Regulation Of Reactive Oxygen Species Metabolic Process (GO:2000379),0.5017296086500039,0.9999942086337028,0,0,1.2091905822740576,0.8339714079392937,CD177;DHRS4
GO_Biological_Process_2023,Proton Motive Force-Driven Mitochondrial ATP Synthesis (GO:0042776),0.5017296086500039,0.9999942086337028,0,0,1.2091905822740576,0.8339714079392937,NDUFB9;NDUFB6
GO_Biological_Process_2023,NADP Metabolic Process (GO:0006739),0.5068337207897122,0.9999942086337028,0,0,1.473639455782313,1.0014445485424597,NUDT17
GO_Biological_Process_2023,Acute Inflammatory Response (GO:0002526),0.5068337207897122,0.9999942086337028,0,0,1.473639455782313,1.0014445485424597,NLRP6
GO_Biological_Process_2023,Regulation Of Lymphocyte Activation (GO:0051249),0.5068337207897122,0.9999942086337028,0,0,1.473639455782313,1.0014445485424597,KLRC3
GO_Biological_Process_2023,Regulation Of Mitotic Cell Cycle Spindle Assembly Checkpoint (GO:0090266),0.5068337207897122,0.9999942086337028,0,0,1.473639455782313,1.0014445485424597,LCMT1
GO_Biological_Process_2023,Antigen Processing And Presentation Of Endogenous Peptide Antigen (GO:0002483),0.5068337207897122,0.9999942086337028,0,0,1.473639455782313,1.0014445485424597,HLA-G
GO_Biological_Process_2023,Cell Projection Organization (GO:0030030),0.5068337207897122,0.9999942086337028,0,0,1.473639455782313,1.0014445485424597,P2RY12
GO_Biological_Process_2023,Regulation Of Telomerase RNA Localization To Cajal Body (GO:1904872),0.5068337207897122,0.9999942086337028,0,0,1.473639455782313,1.0014445485424597,NHP2
GO_Biological_Process_2023,Sodium Ion Homeostasis (GO:0055078),0.5068337207897122,0.9999942086337028,0,0,1.473639455782313,1.0014445485424597,SCNN1B
GO_Biological_Process_2023,tRNA Aminoacylation For Protein Translation (GO:0006418),0.5068337207897122,0.9999942086337028,0,0,1.473639455782313,1.0014445485424597,FARSA
GO_Biological_Process_2023,Leukocyte Tethering Or Rolling (GO:0050901),0.5068337207897122,0.9999942086337028,0,0,1.473639455782313,1.0014445485424597,MADCAM1
GO_Biological_Process_2023,Negative Regulation Of Axonogenesis (GO:0050771),0.5068337207897122,0.9999942086337028,0,0,1.473639455782313,1.0014445485424597,MT3
GO_Biological_Process_2023,Negative Regulation Of Fibroblast Proliferation (GO:0048147),0.5068337207897122,0.9999942086337028,0,0,1.473639455782313,1.0014445485424597,EMD
GO_Biological_Process_2023,Negative Regulation Of Lipid Metabolic Process (GO:0045833),0.5068337207897122,0.9999942086337028,0,0,1.473639455782313,1.0014445485424597,BSCL2
GO_Biological_Process_2023,Nuclear Envelope Organization (GO:0006998),0.5068337207897122,0.9999942086337028,0,0,1.473639455782313,1.0014445485424597,EMD
GO_Biological_Process_2023,Positive Regulation Of Cytokine Production Involved In Inflammatory Response (GO:1900017),0.5068337207897122,0.9999942086337028,0,0,1.473639455782313,1.0014445485424597,TICAM2
GO_Biological_Process_2023,Positive Regulation Of Natural Killer Cell Activation (GO:0032816),0.5068337207897122,0.9999942086337028,0,0,1.473639455782313,1.0014445485424597,TICAM2
GO_Biological_Process_2023,Protein Heterooligomerization (GO:0051291),0.5068337207897122,0.9999942086337028,0,0,1.473639455782313,1.0014445485424597,FARSA
GO_Biological_Process_2023,Regulation Of Cardiac Muscle Contraction By Calcium Ion Signaling (GO:0010882),0.5068337207897122,0.9999942086337028,0,0,1.473639455782313,1.0014445485424597,GSTM2
GO_Biological_Process_2023,Modulation Of Chemical Synaptic Transmission (GO:0050804),0.5069926951050419,0.9999942086337028,0,0,1.122785633024541,0.762661891021346,RNF167;CHRNA7;DLGAP1
GO_Biological_Process_2023,Positive Regulation Of Immune Response (GO:0050778),0.5069926951050419,0.9999942086337028,0,0,1.122785633024541,0.762661891021346,POLR3C;POLR3D;CD177
GO_Biological_Process_2023,Regulation Of I-kappaB kinase/NF-kappaB Signaling (GO:0043122),0.5141190256134446,0.9999942086337028,0,0,1.030013391362571,0.6852683964628676,RNF31;PPP5C;TICAM2;TLR9;CCDC22;S100B;LIME1;SQSTM1;TRIM34
GO_Biological_Process_2023,Sodium Ion Transmembrane Transport (GO:0035725),0.5146381204995867,0.9999942086337028,0,0,1.1788756388415673,0.783116835326057,SLC9A3;SCNN1B
GO_Biological_Process_2023,mRNA Transcription (GO:0009299),0.5146381204995867,0.9999942086337028,0,0,1.1788756388415673,0.783116835326057,NR1H2;HSF1
GO_Biological_Process_2023,Positive Regulation Of Transcription Elongation By RNA Polymerase II (GO:0032968),0.5146381204995867,0.9999942086337028,0,0,1.1788756388415673,0.783116835326057,MED27;ELL3
GO_Biological_Process_2023,Proton Motive Force-Driven ATP Synthesis (GO:0015986),0.5146381204995867,0.9999942086337028,0,0,1.1788756388415673,0.783116835326057,NDUFB9;NDUFB6
GO_Biological_Process_2023,Axonogenesis (GO:0007409),0.5148247511170988,0.9999942086337028,0,0,1.047836859157614,0.6956889902468495,RAB3A;TUBB3;APBB1;L1CAM;S100B;LLGL1
GO_Biological_Process_2023,RNA Processing (GO:0006396),0.5166346030500797,0.9999942086337028,0,0,1.037919557371026,0.6854622302956532,SF3B2;EXOSC5;SCNM1;EXOSC4;SF3A2;ZMAT5;DHX16
GO_Biological_Process_2023,COPII Vesicle Coating (GO:0048208),0.5269329632555511,0.9999942086337028,0,0,1.3868547418967587,0.8885327906702969,TRAPPC5
GO_Biological_Process_2023,ERK1 And ERK2 Cascade (GO:0070371),0.5269329632555511,0.9999942086337028,0,0,1.3868547418967587,0.8885327906702969,MT3
GO_Biological_Process_2023,Regulation Of Lipopolysaccharide-Mediated Signaling Pathway (GO:0031664),0.5269329632555511,0.9999942086337028,0,0,1.3868547418967587,0.8885327906702969,NFKBIL1
GO_Biological_Process_2023,Cellular Response To Misfolded Protein (GO:0071218),0.5269329632555511,0.9999942086337028,0,0,1.3868547418967587,0.8885327906702969,VCP
GO_Biological_Process_2023,Regulation Of Vascular Endothelial Growth Factor Receptor Signaling Pathway (GO:0030947),0.5269329632555511,0.9999942086337028,0,0,1.3868547418967587,0.8885327906702969,MT3
GO_Biological_Process_2023,Release Of Cytochrome C From Mitochondria (GO:0001836),0.5269329632555511,0.9999942086337028,0,0,1.3868547418967587,0.8885327906702969,TIMM50
GO_Biological_Process_2023,Eosinophil Chemotaxis (GO:0048245),0.5269329632555511,0.9999942086337028,0,0,1.3868547418967587,0.8885327906702969,CCL24
GO_Biological_Process_2023,Eosinophil Migration (GO:0072677),0.5269329632555511,0.9999942086337028,0,0,1.3868547418967587,0.8885327906702969,CCL24
GO_Biological_Process_2023,tRNA Metabolic Process (GO:0006399),0.5269329632555511,0.9999942086337028,0,0,1.3868547418967587,0.8885327906702969,ELAC2
GO_Biological_Process_2023,Transport Along Microtubule (GO:0010970),0.5269329632555511,0.9999942086337028,0,0,1.3868547418967587,0.8885327906702969,CLIP3
GO_Biological_Process_2023,Hepaticobiliary System Development (GO:0061008),0.5269329632555511,0.9999942086337028,0,0,1.3868547418967587,0.8885327906702969,CDK5RAP3
GO_Biological_Process_2023,"Vesicle Targeting, Rough ER To cis-Golgi (GO:0048207)",0.5269329632555511,0.9999942086337028,0,0,1.3868547418967587,0.8885327906702969,TRAPPC5
GO_Biological_Process_2023,Zinc Ion Transport (GO:0006829),0.5269329632555511,0.9999942086337028,0,0,1.3868547418967587,0.8885327906702969,MT3
GO_Biological_Process_2023,Lysosomal Lumen Acidification (GO:0007042),0.5269329632555511,0.9999942086337028,0,0,1.3868547418967587,0.8885327906702969,ATP6V0C
GO_Biological_Process_2023,"Negative Regulation Of DNA-templated Transcription, Elongation (GO:0032785)",0.5269329632555511,0.9999942086337028,0,0,1.3868547418967587,0.8885327906702969,NELFE
GO_Biological_Process_2023,Negative Regulation Of Amyloid Precursor Protein Catabolic Process (GO:1902992),0.5269329632555511,0.9999942086337028,0,0,1.3868547418967587,0.8885327906702969,CHRNA7
GO_Biological_Process_2023,Negative Regulation Of Osteoclast Differentiation (GO:0045671),0.5269329632555511,0.9999942086337028,0,0,1.3868547418967587,0.8885327906702969,TCTA
GO_Biological_Process_2023,Negative Regulation Of Protein Localization To Cell Periphery (GO:1904376),0.5269329632555511,0.9999942086337028,0,0,1.3868547418967587,0.8885327906702969,LRPAP1
GO_Biological_Process_2023,Negative Regulation Of Protein Localization To Plasma Membrane (GO:1903077),0.5269329632555511,0.9999942086337028,0,0,1.3868547418967587,0.8885327906702969,LRPAP1
GO_Biological_Process_2023,Organic Cyclic Compound Biosynthetic Process (GO:1901362),0.5269329632555511,0.9999942086337028,0,0,1.3868547418967587,0.8885327906702969,CYP51A1
GO_Biological_Process_2023,peptidyl-L-cysteine S-palmitoylation (GO:0018230),0.5269329632555511,0.9999942086337028,0,0,1.3868547418967587,0.8885327906702969,ZDHHC1
GO_Biological_Process_2023,peptidyl-S-diacylglycerol-L-cysteine Biosynthetic Process From Peptidyl-Cysteine (GO:0018231),0.5269329632555511,0.9999942086337028,0,0,1.3868547418967587,0.8885327906702969,ZDHHC1
GO_Biological_Process_2023,Positive Regulation Of Monooxygenase Activity (GO:0032770),0.5269329632555511,0.9999942086337028,0,0,1.3868547418967587,0.8885327906702969,NOS1AP
GO_Biological_Process_2023,Positive Regulation Of Morphogenesis Of An Epithelium (GO:1905332),0.5269329632555511,0.9999942086337028,0,0,1.3868547418967587,0.8885327906702969,LBX2
GO_Biological_Process_2023,Positive Regulation Of Natural Killer Cell Mediated Cytotoxicity (GO:0045954),0.5269329632555511,0.9999942086337028,0,0,1.3868547418967587,0.8885327906702969,KLRC3
GO_Biological_Process_2023,Regulation Of B Cell Differentiation (GO:0045577),0.5269329632555511,0.9999942086337028,0,0,1.3868547418967587,0.8885327906702969,TLR9
GO_Biological_Process_2023,Regulation Of Adaptive Immune Response (GO:0002819),0.5269329632555511,0.9999942086337028,0,0,1.3868547418967587,0.8885327906702969,ALOX15
GO_Biological_Process_2023,Regulation Of Calcium Ion-Dependent Exocytosis (GO:0017158),0.5269329632555511,0.9999942086337028,0,0,1.3868547418967587,0.8885327906702969,RPH3AL
GO_Biological_Process_2023,B Cell Activation (GO:0042113),0.5271759221395936,0.9999942086337028,0,0,1.0880808611184039,0.6966121822153138,AQP8;PHB2;NHEJ1
GO_Biological_Process_2023,Cellular Response To Reactive Oxygen Species (GO:0034614),0.5271759221395936,0.9999942086337028,0,0,1.0880808611184039,0.6966121822153138,SQSTM1;MT3;PEX14
GO_Biological_Process_2023,Positive Regulation Of Catabolic Process (GO:0009896),0.5271759221395936,0.9999942086337028,0,0,1.0880808611184039,0.6966121822153138,VCP;CCDC22;CDK5RAP3
GO_Biological_Process_2023,Regulation Of Monoatomic Ion Transmembrane Transporter Activity (GO:0032412),0.5273234473138166,0.9999942086337028,0,0,1.1500394731374912,0.7359576021801801,FXYD5;PHB2
GO_Biological_Process_2023,Regulation Of Signal Transduction By P53 Class Mediator (GO:1901796),0.5273234473138166,0.9999942086337028,0,0,1.1500394731374912,0.7359576021801801,USP2;CDK5RAP3
GO_Biological_Process_2023,Chemical Synaptic Transmission (GO:0007268),0.5280008513878204,0.9999942086337028,0,0,1.043080979512668,0.6661713684242746,NAPA;CHRNA7;CHRFAM7A;DLGAP1;GABARAP
GO_Biological_Process_2023,I-kappaB kinase/NF-kappaB Signaling (GO:0007249),0.5397823443955946,0.9999942086337028,0,0,1.122576458181228,0.692168617516052,NFKBIL1;TLR9
GO_Biological_Process_2023,Regulation Of Fibroblast Proliferation (GO:0048145),0.5397823443955946,0.9999942086337028,0,0,1.122576458181228,0.692168617516052,WNT1;EMD
GO_Biological_Process_2023,Regulation Of Secretion By Cell (GO:1903530),0.5397823443955946,0.9999942086337028,0,0,1.122576458181228,0.692168617516052,RAB3A;LLGL1
GO_Biological_Process_2023,Response To Retinoic Acid (GO:0032526),0.5397823443955946,0.9999942086337028,0,0,1.122576458181228,0.692168617516052,ACER2;OVCA2
GO_Biological_Process_2023,Endosome Organization (GO:0007032),0.5397823443955946,0.9999942086337028,0,0,1.122576458181228,0.692168617516052,ATP6V0C;SQSTM1
GO_Biological_Process_2023,Positive Regulation Of Leukocyte Mediated Cytotoxicity (GO:0001912),0.5397823443955946,0.9999942086337028,0,0,1.122576458181228,0.692168617516052,KLRC3;HLA-G
GO_Biological_Process_2023,"Regulation Of Alternative mRNA Splicing, Via Spliceosome (GO:0000381)",0.5397823443955946,0.9999942086337028,0,0,1.122576458181228,0.692168617516052,RBFOX1;PUF60
GO_Biological_Process_2023,Regulation Of Cholesterol Transport (GO:0032374),0.5462143823992736,0.9999942086337028,0,0,1.3097127739984882,0.7920405993665788,NR1H2
GO_Biological_Process_2023,Regulation Of Double-Strand Break Repair Via Nonhomologous End Joining (GO:2001032),0.5462143823992736,0.9999942086337028,0,0,1.3097127739984882,0.7920405993665788,HSF1
GO_Biological_Process_2023,Regulation Of Integrin-Mediated Signaling Pathway (GO:2001044),0.5462143823992736,0.9999942086337028,0,0,1.3097127739984882,0.7920405993665788,CD177
GO_Biological_Process_2023,Regulation Of Lymphocyte Differentiation (GO:0045619),0.5462143823992736,0.9999942086337028,0,0,1.3097127739984882,0.7920405993665788,TLR9
GO_Biological_Process_2023,Regulation Of Sodium Ion Transmembrane Transport (GO:1902305),0.5462143823992736,0.9999942086337028,0,0,1.3097127739984882,0.7920405993665788,FXYD5
GO_Biological_Process_2023,Cellular Response To Lectin (GO:1990858),0.5462143823992736,0.9999942086337028,0,0,1.3097127739984882,0.7920405993665788,KLRC3
GO_Biological_Process_2023,Cortical Actin Cytoskeleton Organization (GO:0030866),0.5462143823992736,0.9999942086337028,0,0,1.3097127739984882,0.7920405993665788,LLGL1
GO_Biological_Process_2023,Cytosolic Pattern Recognition Receptor Signaling Pathway (GO:0002753),0.5462143823992736,0.9999942086337028,0,0,1.3097127739984882,0.7920405993665788,PHB2
GO_Biological_Process_2023,Diterpenoid Metabolic Process (GO:0016101),0.5462143823992736,0.9999942086337028,0,0,1.3097127739984882,0.7920405993665788,PLB1
GO_Biological_Process_2023,Establishment Of Epithelial Cell Polarity (GO:0090162),0.5462143823992736,0.9999942086337028,0,0,1.3097127739984882,0.7920405993665788,SLC9A3R1
GO_Biological_Process_2023,Stimulatory C-type Lectin Receptor Signaling Pathway (GO:0002223),0.5462143823992736,0.9999942086337028,0,0,1.3097127739984882,0.7920405993665788,KLRC3
GO_Biological_Process_2023,Vesicle Cargo Loading (GO:0035459),0.5462143823992736,0.9999942086337028,0,0,1.3097127739984882,0.7920405993665788,MIA2
GO_Biological_Process_2023,Histone mRNA Metabolic Process (GO:0008334),0.5462143823992736,0.9999942086337028,0,0,1.3097127739984882,0.7920405993665788,EXOSC4
GO_Biological_Process_2023,Leukocyte Adhesion To Vascular Endothelial Cell (GO:0061756),0.5462143823992736,0.9999942086337028,0,0,1.3097127739984882,0.7920405993665788,MADCAM1
GO_Biological_Process_2023,Lipopolysaccharide-Mediated Signaling Pathway (GO:0031663),0.5462143823992736,0.9999942086337028,0,0,1.3097127739984882,0.7920405993665788,TICAM2
GO_Biological_Process_2023,Morphogenesis Of An Epithelium (GO:0002009),0.5462143823992736,0.9999942086337028,0,0,1.3097127739984882,0.7920405993665788,SLC9A3R1
GO_Biological_Process_2023,Negative Regulation Of TORC1 Signaling (GO:1904262),0.5462143823992736,0.9999942086337028,0,0,1.3097127739984882,0.7920405993665788,RNF167
GO_Biological_Process_2023,Negative Regulation Of Protein Transport (GO:0051224),0.5462143823992736,0.9999942086337028,0,0,1.3097127739984882,0.7920405993665788,CYP51A1
GO_Biological_Process_2023,Positive Regulation Of Amyloid Precursor Protein Catabolic Process (GO:1902993),0.5462143823992736,0.9999942086337028,0,0,1.3097127739984882,0.7920405993665788,CHRNA7
GO_Biological_Process_2023,Positive Regulation Of Cytosolic Calcium Ion Concentration Involved In Phospholipase C-activating G Protein-Coupled Signaling Pathway (GO:0051482),0.5462143823992736,0.9999942086337028,0,0,1.3097127739984882,0.7920405993665788,GPR174
GO_Biological_Process_2023,Positive Regulation Of Interferon-Alpha Production (GO:0032727),0.5462143823992736,0.9999942086337028,0,0,1.3097127739984882,0.7920405993665788,TLR9
GO_Biological_Process_2023,Protein K48-linked Deubiquitination (GO:0071108),0.5462143823992736,0.9999942086337028,0,0,1.3097127739984882,0.7920405993665788,OTUB1
GO_Biological_Process_2023,Cell Junction Organization (GO:0034330),0.5520121995509233,0.9999942086337028,0,0,1.0963907927578147,0.6514591082621345,CHRNA7;L1CAM
GO_Biological_Process_2023,Ceramide Metabolic Process (GO:0006672),0.5520121995509233,0.9999942086337028,0,0,1.0963907927578147,0.6514591082621345,ACER2;SMPD2
GO_Biological_Process_2023,Chemokine-Mediated Signaling Pathway (GO:0070098),0.5520121995509233,0.9999942086337028,0,0,1.0963907927578147,0.6514591082621345,CCL24;TFF2
GO_Biological_Process_2023,Dicarboxylic Acid Metabolic Process (GO:0043648),0.5520121995509233,0.9999942086337028,0,0,1.0963907927578147,0.6514591082621345,ME3;SLC25A32
GO_Biological_Process_2023,Glycoprotein Metabolic Process (GO:0009100),0.5520121995509233,0.9999942086337028,0,0,1.0963907927578147,0.6514591082621345,MAN2B1;GAL3ST2
GO_Biological_Process_2023,Monocarboxylic Acid Transport (GO:0015718),0.5520121995509233,0.9999942086337028,0,0,1.0963907927578147,0.6514591082621345,SLC9A3R1;SLC16A13
GO_Biological_Process_2023,Positive Regulation Of Synaptic Transmission (GO:0050806),0.5520121995509233,0.9999942086337028,0,0,1.0963907927578147,0.6514591082621345,CHRNA7;SQSTM1
GO_Biological_Process_2023,Macromolecule Modification (GO:0043412),0.5565693246033021,0.9999942086337028,0,0,1.039851435454728,0.6093150318454835,UBE2L6;MAN2B1;LCMT1
GO_Biological_Process_2023,Regulation Of Ras Protein Signal Transduction (GO:0046578),0.5565693246033021,0.9999942086337028,0,0,1.039851435454728,0.6093150318454835,ARHGEF18;SQSTM1;GABARAP
GO_Biological_Process_2023,Positive Regulation Of T Cell Activation (GO:0050870),0.5609560812676195,0.9999942086337028,0,0,1.0136568330116718,0.5860078511354663,HLA-DRB5;SMARCB1;CD3E;HLA-DQA2
GO_Biological_Process_2023,Regulation Of Mitotic Metaphase/Anaphase Transition (GO:0030071),0.5640109872214626,0.9999942086337028,0,0,1.0713953848536473,0.6135683662159865,SMARCB1;LCMT1
GO_Biological_Process_2023,Regulation Of Proteasomal Protein Catabolic Process (GO:0061136),0.5640109872214626,0.9999942086337028,0,0,1.0713953848536473,0.6135683662159865,DDRGK1;PSMF1
GO_Biological_Process_2023,"Retrograde Vesicle-Mediated Transport, Golgi To Endoplasmic Reticulum (GO:0006890)",0.5640109872214626,0.9999942086337028,0,0,1.0713953848536473,0.6135683662159865,RAB43;ARF5
GO_Biological_Process_2023,tRNA Processing (GO:0008033),0.5640109872214626,0.9999942086337028,0,0,1.0713953848536473,0.6135683662159865,ELAC2;TRPT1
GO_Biological_Process_2023,Muscle Organ Development (GO:0007517),0.5640109872214626,0.9999942086337028,0,0,1.0713953848536473,0.6135683662159865,BORCS8-MEF2B;EMD
GO_Biological_Process_2023,Negative Regulation Of Cysteine-Type Endopeptidase Activity Involved In Apoptotic Process (GO:0043154),0.5640109872214626,0.9999942086337028,0,0,1.0713953848536473,0.6135683662159865,PIH1D1;MAP2K5
GO_Biological_Process_2023,Negative Regulation Of Viral Genome Replication (GO:0045071),0.5640109872214626,0.9999942086337028,0,0,1.0713953848536473,0.6135683662159865,APOBEC3F;APOBEC3B
GO_Biological_Process_2023,Phospholipase C-activating G Protein-Coupled Receptor Signaling Pathway (GO:0007200),0.5640109872214626,0.9999942086337028,0,0,1.0713953848536473,0.6135683662159865,GPR174;P2RY12
GO_Biological_Process_2023,Regulation Of Extrinsic Apoptotic Signaling Pathway In Absence Of Ligand (GO:2001239),0.5647112005987688,0.9999942086337028,0,0,1.2406910132474043,0.7089814997779207,MAP2K5
GO_Biological_Process_2023,Regulation Of Heterotypic Cell-Cell Adhesion (GO:0034114),0.5647112005987688,0.9999942086337028,0,0,1.2406910132474043,0.7089814997779207,MAP2K5
GO_Biological_Process_2023,Regulation Of Intracellular Steroid Hormone Receptor Signaling Pathway (GO:0033143),0.5647112005987688,0.9999942086337028,0,0,1.2406910132474043,0.7089814997779207,DDRGK1
GO_Biological_Process_2023,Activation Of Protein Kinase B Activity (GO:0032148),0.5647112005987688,0.9999942086337028,0,0,1.2406910132474043,0.7089814997779207,MT3
GO_Biological_Process_2023,Regulation Of Membrane Protein Ectodomain Proteolysis (GO:0051043),0.5647112005987688,0.9999942086337028,0,0,1.2406910132474043,0.7089814997779207,TIMP4
GO_Biological_Process_2023,Regulation Of Mitotic Spindle Assembly (GO:1901673),0.5647112005987688,0.9999942086337028,0,0,1.2406910132474043,0.7089814997779207,DRG1
GO_Biological_Process_2023,Regulation Of Neurotransmitter Receptor Activity (GO:0099601),0.5647112005987688,0.9999942086337028,0,0,1.2406910132474043,0.7089814997779207,DLGAP1
GO_Biological_Process_2023,Regulation Of Potassium Ion Transmembrane Transporter Activity (GO:1901016),0.5647112005987688,0.9999942086337028,0,0,1.2406910132474043,0.7089814997779207,KCNG1
GO_Biological_Process_2023,Regulation Of Regulatory T Cell Differentiation (GO:0045589),0.5647112005987688,0.9999942086337028,0,0,1.2406910132474043,0.7089814997779207,HLA-G
GO_Biological_Process_2023,Cellular Response To Topologically Incorrect Protein (GO:0035967),0.5647112005987688,0.9999942086337028,0,0,1.2406910132474043,0.7089814997779207,HSF1
GO_Biological_Process_2023,Response To Cadmium Ion (GO:0046686),0.5647112005987688,0.9999942086337028,0,0,1.2406910132474043,0.7089814997779207,HSF1
GO_Biological_Process_2023,Response To Purine-Containing Compound (GO:0014074),0.5647112005987688,0.9999942086337028,0,0,1.2406910132474043,0.7089814997779207,ADORA2A
GO_Biological_Process_2023,Establishment Or Maintenance Of Apical/Basal Cell Polarity (GO:0035088),0.5647112005987688,0.9999942086337028,0,0,1.2406910132474043,0.7089814997779207,LLGL1
GO_Biological_Process_2023,Focal Adhesion Assembly (GO:0048041),0.5647112005987688,0.9999942086337028,0,0,1.2406910132474043,0.7089814997779207,ACTN2
GO_Biological_Process_2023,Triglyceride Homeostasis (GO:0070328),0.5647112005987688,0.9999942086337028,0,0,1.2406910132474043,0.7089814997779207,LIPC
GO_Biological_Process_2023,Maturation Of LSU-rRNA (GO:0000470),0.5647112005987688,0.9999942086337028,0,0,1.2406910132474043,0.7089814997779207,PES1
GO_Biological_Process_2023,Negative Regulation Of Actin Filament Polymerization (GO:0030837),0.5647112005987688,0.9999942086337028,0,0,1.2406910132474043,0.7089814997779207,TMSB4Y
GO_Biological_Process_2023,Negative Regulation Of Cation Channel Activity (GO:2001258),0.5647112005987688,0.9999942086337028,0,0,1.2406910132474043,0.7089814997779207,GSTM2
GO_Biological_Process_2023,Negative Regulation Of Myeloid Cell Differentiation (GO:0045638),0.5647112005987688,0.9999942086337028,0,0,1.2406910132474043,0.7089814997779207,ZBTB16
GO_Biological_Process_2023,One-Carbon Compound Transport (GO:0019755),0.5647112005987688,0.9999942086337028,0,0,1.2406910132474043,0.7089814997779207,AQP8
GO_Biological_Process_2023,Organelle Fission (GO:0048285),0.5647112005987688,0.9999942086337028,0,0,1.2406910132474043,0.7089814997779207,PEX11G
GO_Biological_Process_2023,Positive Regulation Of Epithelial Cell Apoptotic Process (GO:1904037),0.5647112005987688,0.9999942086337028,0,0,1.2406910132474043,0.7089814997779207,HLA-G
GO_Biological_Process_2023,Positive Regulation Of Lamellipodium Assembly (GO:0010592),0.5647112005987688,0.9999942086337028,0,0,1.2406910132474043,0.7089814997779207,WNT1
GO_Biological_Process_2023,Positive Regulation Of Nuclear Division (GO:0051785),0.5647112005987688,0.9999942086337028,0,0,1.2406910132474043,0.7089814997779207,EPGN
GO_Biological_Process_2023,Positive Regulation Of Signal Transduction By P53 Class Mediator (GO:1901798),0.5647112005987688,0.9999942086337028,0,0,1.2406910132474043,0.7089814997779207,CDK5RAP3
GO_Biological_Process_2023,Postreplication Repair (GO:0006301),0.5647112005987688,0.9999942086337028,0,0,1.2406910132474043,0.7089814997779207,VCP
GO_Biological_Process_2023,Positive Regulation Of Protein Modification By Small Protein Conjugation Or Removal (GO:1903322),0.5661209467623166,0.9999942086337028,0,0,1.0247069298115448,0.5830044836043947,RWDD3;HSPBP1;CDK5RAP3
GO_Biological_Process_2023,Regulation Of NIK/NF-kappaB Signaling (GO:1901222),0.5661209467623166,0.9999942086337028,0,0,1.0247069298115448,0.5830044836043947,TLR9;PHB2;LIME1
GO_Biological_Process_2023,Positive Regulation Of Epithelial Cell Proliferation (GO:0050679),0.569125477927946,0.9999942086337028,0,0,1.002800509183488,0.5652328647394359,MYDGF;CCL24;EPGN;NME2
GO_Biological_Process_2023,Regulation Of MAP Kinase Activity (GO:0043405),0.569125477927946,0.9999942086337028,0,0,1.002800509183488,0.5652328647394359,EPGN;LIME1;CDK5RAP3;MAP2K5
GO_Biological_Process_2023,mRNA Processing (GO:0006397),0.5709460190609161,0.9999942086337028,0,0,0.9816408491107286,0.5501710304105246,SF3B2;SF3A2;PHF5A;DHX16;RBM42;WDR83;RALY;SNRPA
GO_Biological_Process_2023,Negative Regulation Of Binding (GO:0051100),0.5755455853307941,0.9999942086337028,0,0,1.0099951243295953,0.5579585189392247,LRPAP1;GTF2F1;PEX14
GO_Biological_Process_2023,B Cell Differentiation (GO:0030183),0.5757772250669198,0.9999942086337028,0,0,1.0475108839674427,0.5782621000784992,AQP8;NHEJ1
GO_Biological_Process_2023,Mitochondrial Transport (GO:0006839),0.5757772250669198,0.9999942086337028,0,0,1.0475108839674427,0.5782621000784992,OXA1L;TIMM23
GO_Biological_Process_2023,Positive Regulation Of NIK/NF-kappaB Signaling (GO:1901224),0.5757772250669198,0.9999942086337028,0,0,1.0475108839674427,0.5782621000784992,TLR9;PHB2
GO_Biological_Process_2023,Positive Regulation Of Chemokine Production (GO:0032722),0.5757772250669198,0.9999942086337028,0,0,1.0475108839674427,0.5782621000784992,TLR9;ALOX15B
GO_Biological_Process_2023,Positive Regulation Of Protein Localization To Plasma Membrane (GO:1903078),0.5757772250669198,0.9999942086337028,0,0,1.0475108839674427,0.5782621000784992,CLIP3;SQSTM1
GO_Biological_Process_2023,Regulation Of Response To External Stimulus (GO:0032101),0.5772098023131206,0.9999942086337028,0,0,0.9921727395411606,0.545248002867783,P2RY12;PSMA6;NLRP6;ALOX15
GO_Biological_Process_2023,Regulation Of Keratinocyte Differentiation (GO:0045616),0.5824552926315186,0.9999942086337028,0,0,1.1785714285714286,0.6370212129304846,NME2
GO_Biological_Process_2023,Apoptotic Cell Clearance (GO:0043277),0.5824552926315186,0.9999942086337028,0,0,1.1785714285714286,0.6370212129304846,ALOX15
GO_Biological_Process_2023,Regulation Of Plasma Membrane Bounded Cell Projection Organization (GO:0120035),0.5824552926315186,0.9999942086337028,0,0,1.1785714285714286,0.6370212129304846,MBOAT1
GO_Biological_Process_2023,Regulation Of Platelet Aggregation (GO:0090330),0.5824552926315186,0.9999942086337028,0,0,1.1785714285714286,0.6370212129304846,MMRN1
GO_Biological_Process_2023,Regulation Of Ruffle Assembly (GO:1900027),0.5824552926315186,0.9999942086337028,0,0,1.1785714285714286,0.6370212129304846,P2RY12
GO_Biological_Process_2023,Regulation Of Voltage-Gated Calcium Channel Activity (GO:1901385),0.5824552926315186,0.9999942086337028,0,0,1.1785714285714286,0.6370212129304846,NOS1AP
GO_Biological_Process_2023,Response To Gamma Radiation (GO:0010332),0.5824552926315186,0.9999942086337028,0,0,1.1785714285714286,0.6370212129304846,HSF1
GO_Biological_Process_2023,Entrainment Of Circadian Clock By Photoperiod (GO:0043153),0.5824552926315186,0.9999942086337028,0,0,1.1785714285714286,0.6370212129304846,USP2
GO_Biological_Process_2023,Translesion Synthesis (GO:0019985),0.5824552926315186,0.9999942086337028,0,0,1.1785714285714286,0.6370212129304846,VCP
GO_Biological_Process_2023,Glycolytic Process (GO:0006096),0.5824552926315186,0.9999942086337028,0,0,1.1785714285714286,0.6370212129304846,GPI
GO_Biological_Process_2023,Modified Amino Acid Transport (GO:0072337),0.5824552926315186,0.9999942086337028,0,0,1.1785714285714286,0.6370212129304846,SLC25A32
GO_Biological_Process_2023,Mononuclear Cell Differentiation (GO:1903131),0.5824552926315186,0.9999942086337028,0,0,1.1785714285714286,0.6370212129304846,PIR
GO_Biological_Process_2023,Negative Regulation Of Smoothened Signaling Pathway (GO:0045879),0.5824552926315186,0.9999942086337028,0,0,1.1785714285714286,0.6370212129304846,VCP
GO_Biological_Process_2023,Negative Regulation Of Wound Healing (GO:0061045),0.5824552926315186,0.9999942086337028,0,0,1.1785714285714286,0.6370212129304846,MMRN1
GO_Biological_Process_2023,Phospholipid Catabolic Process (GO:0009395),0.5824552926315186,0.9999942086337028,0,0,1.1785714285714286,0.6370212129304846,SMPD2
GO_Biological_Process_2023,Plasma Membrane Repair (GO:0001778),0.5824552926315186,0.9999942086337028,0,0,1.1785714285714286,0.6370212129304846,RAB3A
GO_Biological_Process_2023,Positive Regulation Of Calcium Ion Transmembrane Transporter Activity (GO:1901021),0.5824552926315186,0.9999942086337028,0,0,1.1785714285714286,0.6370212129304846,GSTM2
GO_Biological_Process_2023,Positive Regulation Of p38MAPK Cascade (GO:1900745),0.5824552926315186,0.9999942086337028,0,0,1.1785714285714286,0.6370212129304846,RELL1
GO_Biological_Process_2023,Protein Exit From Endoplasmic Reticulum (GO:0032527),0.5824552926315186,0.9999942086337028,0,0,1.1785714285714286,0.6370212129304846,VCP
GO_Biological_Process_2023,Regulation Of Innate Immune Response (GO:0045088),0.5848412627676428,0.9999942086337028,0,0,0.9956977359034754,0.534107016071255,POLR3C;TREX1;POLR3D
GO_Biological_Process_2023,Regulation Of Protein Localization To Plasma Membrane (GO:1903076),0.5848412627676428,0.9999942086337028,0,0,0.9956977359034754,0.534107016071255,CLIP3;LRPAP1;SQSTM1
GO_Biological_Process_2023,Regulation Of Protein Secretion (GO:0050708),0.5848412627676428,0.9999942086337028,0,0,0.9956977359034754,0.534107016071255,CYP51A1;APBB1;LLGL1
GO_Biological_Process_2023,Exocytosis (GO:0006887),0.5848412627676428,0.9999942086337028,0,0,0.9956977359034754,0.534107016071255,RPH3AL;RAB3A;SYNGR2
GO_Biological_Process_2023,Regulation Of Interleukin-12 Production (GO:0032655),0.5873099334591222,0.9999942086337028,0,0,1.0246648396415081,0.5453292946787217,TLR9;HLA-G
GO_Biological_Process_2023,Cellular Response To Chemokine (GO:1990869),0.5873099334591222,0.9999942086337028,0,0,1.0246648396415081,0.5453292946787217,CCL24;TFF2
GO_Biological_Process_2023,Steroid Metabolic Process (GO:0008202),0.5873099334591222,0.9999942086337028,0,0,1.0246648396415081,0.5453292946787217,CYP51A1;DHRS4
GO_Biological_Process_2023,Monocarboxylic Acid Biosynthetic Process (GO:0072330),0.5873099334591222,0.9999942086337028,0,0,1.0246648396415081,0.5453292946787217,LIPC;MCAT
GO_Biological_Process_2023,Negative Regulation Of Protein-Containing Complex Assembly (GO:0031333),0.5873099334591222,0.9999942086337028,0,0,1.0246648396415081,0.5453292946787217,HSF1;LCMT1
GO_Biological_Process_2023,Positive Regulation Of Protein Localization To Cell Periphery (GO:1904377),0.5873099334591222,0.9999942086337028,0,0,1.0246648396415081,0.5453292946787217,CLIP3;SQSTM1
GO_Biological_Process_2023,Regulation Of Proteasomal Ubiquitin-Dependent Protein Catabolic Process (GO:0032434),0.5931166039792899,0.9999942086337028,0,0,0.9715745880694334,0.5075158458666524,VCP;DDRGK1;HSPBP1;GABARAP
GO_Biological_Process_2023,Response To Endoplasmic Reticulum Stress (GO:0034976),0.5931166039792899,0.9999942086337028,0,0,0.9715745880694334,0.5075158458666524,VCP;DDRGK1;ALOX15;CDK5RAP3
GO_Biological_Process_2023,Regulation Of Cyclin-Dependent Protein Kinase Activity (GO:1904029),0.5986085968636881,0.9999942086337028,0,0,1.0027909674145492,0.514579499504785,BCCIP;CDK5RAP3
GO_Biological_Process_2023,Regulation Of Reactive Oxygen Species Metabolic Process (GO:2000377),0.5986085968636881,0.9999942086337028,0,0,1.0027909674145492,0.514579499504785,MT3;DHRS4
GO_Biological_Process_2023,Endosome To Lysosome Transport (GO:0008333),0.5986085968636881,0.9999942086337028,0,0,1.0027909674145492,0.514579499504785,VCP;CLEC16A
GO_Biological_Process_2023,Oxidative Phosphorylation (GO:0006119),0.5986085968636881,0.9999942086337028,0,0,1.0027909674145492,0.514579499504785,NDUFB9;NDUFB6
GO_Biological_Process_2023,Regulation Of Lysosomal Lumen pH (GO:0035751),0.5994772407404332,0.9999942086337028,0,0,1.1223679948169745,0.5743126377282287,ATP6V0C
GO_Biological_Process_2023,Regulation Of Protein Export From Nucleus (GO:0046825),0.5994772407404332,0.9999942086337028,0,0,1.1223679948169745,0.5743126377282287,EMD
GO_Biological_Process_2023,Cellular Response To Cadmium Ion (GO:0071276),0.5994772407404332,0.9999942086337028,0,0,1.1223679948169745,0.5743126377282287,HSF1
GO_Biological_Process_2023,Regulation Of Supramolecular Fiber Organization (GO:1902903),0.5994772407404332,0.9999942086337028,0,0,1.1223679948169745,0.5743126377282287,CHRNA7
GO_Biological_Process_2023,Regulation Of Telomere Capping (GO:1904353),0.5994772407404332,0.9999942086337028,0,0,1.1223679948169745,0.5743126377282287,RTEL1
GO_Biological_Process_2023,Regulation Of Toll-Like Receptor 4 Signaling Pathway (GO:0034143),0.5994772407404332,0.9999942086337028,0,0,1.1223679948169745,0.5743126377282287,TICAM2
GO_Biological_Process_2023,Cellular Response To Low-Density Lipoprotein Particle Stimulus (GO:0071404),0.5994772407404332,0.9999942086337028,0,0,1.1223679948169745,0.5743126377282287,CES1
GO_Biological_Process_2023,Endosome Transport Via Multivesicular Body Sorting Pathway (GO:0032509),0.5994772407404332,0.9999942086337028,0,0,1.1223679948169745,0.5743126377282287,VCP
GO_Biological_Process_2023,Telomere Maintenance Via Telomere Lengthening (GO:0010833),0.5994772407404332,0.9999942086337028,0,0,1.1223679948169745,0.5743126377282287,NHP2
GO_Biological_Process_2023,Mitotic Cell Cycle Checkpoint Signaling (GO:0007093),0.5994772407404332,0.9999942086337028,0,0,1.1223679948169745,0.5743126377282287,CDK5RAP3
GO_Biological_Process_2023,Negative Regulation Of Macroautophagy (GO:0016242),0.5994772407404332,0.9999942086337028,0,0,1.1223679948169745,0.5743126377282287,CLEC16A
GO_Biological_Process_2023,Negative Regulation Of Protein Localization To Membrane (GO:1905476),0.5994772407404332,0.9999942086337028,0,0,1.1223679948169745,0.5743126377282287,LRPAP1
GO_Biological_Process_2023,Negative Regulation Of Response To Endoplasmic Reticulum Stress (GO:1903573),0.5994772407404332,0.9999942086337028,0,0,1.1223679948169745,0.5743126377282287,NR1H2
GO_Biological_Process_2023,Negative Regulation Of Response To Wounding (GO:1903035),0.5994772407404332,0.9999942086337028,0,0,1.1223679948169745,0.5743126377282287,MMRN1
GO_Biological_Process_2023,Negative Regulation Of Signaling Receptor Activity (GO:2000272),0.5994772407404332,0.9999942086337028,0,0,1.1223679948169745,0.5743126377282287,ZGPAT
GO_Biological_Process_2023,Negative Regulation Of Stress Fiber Assembly (GO:0051497),0.5994772407404332,0.9999942086337028,0,0,1.1223679948169745,0.5743126377282287,ARHGEF18
GO_Biological_Process_2023,Photoperiodism (GO:0009648),0.5994772407404332,0.9999942086337028,0,0,1.1223679948169745,0.5743126377282287,USP2
GO_Biological_Process_2023,Protein Targeting To ER (GO:0045047),0.5994772407404332,0.9999942086337028,0,0,1.1223679948169745,0.5743126377282287,GET4
GO_Biological_Process_2023,Regulation Of Cardiac Muscle Cell Action Potential (GO:0098901),0.5994772407404332,0.9999942086337028,0,0,1.1223679948169745,0.5743126377282287,NOS1AP
GO_Biological_Process_2023,Regulation Of Phosphatidylinositol 3-Kinase Signaling (GO:0014066),0.6030389467674065,0.9999942086337028,0,0,0.9682780868670812,0.4897293930982128,MYDGF;SLC9A3R1;LIME1
GO_Biological_Process_2023,Regulation Of Protein Serine/Threonine Kinase Activity (GO:0071900),0.6086644560399089,0.9999942086337028,0,0,0.9518086851420184,0.4725617222170407,PIH1D1;BCCIP;LIME1;CDK5RAP3
GO_Biological_Process_2023,Organonitrogen Compound Biosynthetic Process (GO:1901566),0.6086644560399089,0.9999942086337028,0,0,0.9518086851420184,0.4725617222170407,ACER2;GSTM1;GAL3ST2;SULT1A2
GO_Biological_Process_2023,Cholesterol Metabolic Process (GO:0008203),0.6096731281022826,0.9999942086337028,0,0,0.9818285065303805,0.48584047871698377,CYP51A1;CES1
GO_Biological_Process_2023,Nuclear-Transcribed mRNA Catabolic Process (GO:0000956),0.6119380932205004,0.9999942086337028,0,0,0.9551240660455678,0.4690845012462824,EXOSC5;EXOSC4;NLRP6
GO_Biological_Process_2023,Regulation Of Fatty Acid Biosynthetic Process (GO:0042304),0.615806386379356,0.9999942086337028,0,0,1.071273964131107,0.5193779064618939,NR1H2
GO_Biological_Process_2023,Regulation Of Hippo Signaling (GO:0035330),0.615806386379356,0.9999942086337028,0,0,1.071273964131107,0.5193779064618939,IQCJ-SCHIP1
GO_Biological_Process_2023,Regulation Of Potassium Ion Transmembrane Transport (GO:1901379),0.615806386379356,0.9999942086337028,0,0,1.071273964131107,0.5193779064618939,NOS1AP
GO_Biological_Process_2023,"Regulation Of Synaptic Transmission, Glutamatergic (GO:0051966)",0.615806386379356,0.9999942086337028,0,0,1.071273964131107,0.5193779064618939,RNF167
GO_Biological_Process_2023,Synaptic Vesicle Cycle (GO:0099504),0.615806386379356,0.9999942086337028,0,0,1.071273964131107,0.5193779064618939,RAB3A
GO_Biological_Process_2023,Lamellipodium Assembly (GO:0030032),0.615806386379356,0.9999942086337028,0,0,1.071273964131107,0.5193779064618939,P2RY12
GO_Biological_Process_2023,Negative Regulation Of DNA Recombination (GO:0045910),0.615806386379356,0.9999942086337028,0,0,1.071273964131107,0.5193779064618939,RTEL1
GO_Biological_Process_2023,Negative Regulation Of G2/M Transition Of Mitotic Cell Cycle (GO:0010972),0.615806386379356,0.9999942086337028,0,0,1.071273964131107,0.5193779064618939,CDK5RAP3
GO_Biological_Process_2023,Negative Regulation Of Actin Filament Bundle Assembly (GO:0032232),0.615806386379356,0.9999942086337028,0,0,1.071273964131107,0.5193779064618939,ARHGEF18
GO_Biological_Process_2023,Negative Regulation Of Cytoskeleton Organization (GO:0051494),0.615806386379356,0.9999942086337028,0,0,1.071273964131107,0.5193779064618939,IQCJ-SCHIP1
GO_Biological_Process_2023,Negative Regulation Of Epidermal Growth Factor Receptor Signaling Pathway (GO:0042059),0.615806386379356,0.9999942086337028,0,0,1.071273964131107,0.5193779064618939,ZGPAT
GO_Biological_Process_2023,Negative Regulation Of Protein Tyrosine Kinase Activity (GO:0061099),0.615806386379356,0.9999942086337028,0,0,1.071273964131107,0.5193779064618939,ZGPAT
GO_Biological_Process_2023,Negative Regulation Of Proteolysis Involved In Protein Catabolic Process (GO:1903051),0.615806386379356,0.9999942086337028,0,0,1.071273964131107,0.5193779064618939,PSMF1
GO_Biological_Process_2023,Negative Regulation Of Receptor-Mediated Endocytosis (GO:0048261),0.615806386379356,0.9999942086337028,0,0,1.071273964131107,0.5193779064618939,LRPAP1
GO_Biological_Process_2023,Phospholipid Biosynthetic Process (GO:0008654),0.615806386379356,0.9999942086337028,0,0,1.071273964131107,0.5193779064618939,MBOAT1
GO_Biological_Process_2023,Positive Regulation Of Microtubule Polymerization Or Depolymerization (GO:0031112),0.615806386379356,0.9999942086337028,0,0,1.071273964131107,0.5193779064618939,DRG1
GO_Biological_Process_2023,Positive Regulation Of Nitric Oxide Biosynthetic Process (GO:0045429),0.615806386379356,0.9999942086337028,0,0,1.071273964131107,0.5193779064618939,NOS1AP
GO_Biological_Process_2023,Positive Regulation Of Phosphatidylinositol 3-Kinase Activity (GO:0043552),0.615806386379356,0.9999942086337028,0,0,1.071273964131107,0.5193779064618939,P2RY12
GO_Biological_Process_2023,Protein Kinase B Signaling (GO:0043491),0.615806386379356,0.9999942086337028,0,0,1.071273964131107,0.5193779064618939,MT3
GO_Biological_Process_2023,Protein Localization To Cell Surface (GO:0034394),0.615806386379356,0.9999942086337028,0,0,1.071273964131107,0.5193779064618939,CD177
GO_Biological_Process_2023,Regulation Of Cell Size (GO:0008361),0.615806386379356,0.9999942086337028,0,0,1.071273964131107,0.5193779064618939,SLC9A3R1
GO_Biological_Process_2023,Regulation Of Protein-Containing Complex Assembly (GO:0043254),0.6163005382954581,0.9999942086337028,0,0,0.9422222222222222,0.4560549159452764,NAPA;VCP;HSF1;LCMT1
GO_Biological_Process_2023,Positive Regulation Of Intracellular Signal Transduction (GO:1902533),0.6195209105389509,0.9999942086337028,0,0,0.9478092997050342,0.45381945672342666,P2RY12;RNF31;TICAM2;F10;GDF15;CHRNA7;S100B;PHB2;IQCJ-SCHIP1;SLC9A3R1;MYDGF;PPP5C;NOS1AP;TLR9;CCDC22;CDK5RAP3;TRIM34
GO_Biological_Process_2023,Regulation Of Mitotic Nuclear Division (GO:0007088),0.6205038340670531,0.9999942086337028,0,0,0.9617216562945451,0.45895617038078035,EPGN;LCMT1
GO_Biological_Process_2023,Regulation Of Neuron Death (GO:1901214),0.6205038340670531,0.9999942086337028,0,0,0.9617216562945451,0.45895617038078035,CHRNA7;SIGMAR1
GO_Biological_Process_2023,Regulation Of Defense Response (GO:0031347),0.6207025402784493,0.9999942086337028,0,0,0.942320819112628,0.44939592051379534,PSMA6;NLRP6;ALOX15
GO_Biological_Process_2023,mRNA Metabolic Process (GO:0016071),0.6207025402784493,0.9999942086337028,0,0,0.942320819112628,0.44939592051379534,SF3B2;SF3A2;HSF1
GO_Biological_Process_2023,Positive Regulation Of ERK1 And ERK2 Cascade (GO:0070374),0.6213199276261167,0.9999942086337028,0,0,0.9345781691672103,0.4447743005516066,CCL24;CHRNA7;ALOX15;PHB2;MT3
GO_Biological_Process_2023,Regulation Of Type II Interferon Production (GO:0032649),0.6293313513418267,0.9999942086337028,0,0,0.929854499730555,0.4306131735874659,MYDGF;TLR9;LGALS9B
GO_Biological_Process_2023,Mitotic Spindle Organization (GO:0007052),0.6293313513418267,0.9999942086337028,0,0,0.929854499730555,0.4306131735874659,NUDC;VCP;BCCIP
GO_Biological_Process_2023,RNA Catabolic Process (GO:0006401),0.6311013843326212,0.9999942086337028,0,0,0.9424190800681431,0.4337849068160238,EXOSC5;EXOSC4
GO_Biological_Process_2023,Nucleosome Organization (GO:0034728),0.6311013843326212,0.9999942086337028,0,0,0.9424190800681431,0.4337849068160238,SMARCB1;SSRP1
GO_Biological_Process_2023,Protein Secretion (GO:0009306),0.6311013843326212,0.9999942086337028,0,0,0.9424190800681431,0.4337849068160238,RAB3A;MIA2
GO_Biological_Process_2023,Epithelium Development (GO:0060429),0.6312915330914292,0.9999942086337028,0,0,0.9236132059661472,0.42485053471523354,FN3K;SLC9A3R1;PIH1D1;CES1
GO_Biological_Process_2023,DNA Synthesis Involved In DNA Repair (GO:0000731),0.6314708810759843,0.9999942086337028,0,0,1.024622892635315,0.47102267764994693,VCP
GO_Biological_Process_2023,"RNA Splicing, Via Transesterification Reactions (GO:0000375)",0.6314708810759843,0.9999942086337028,0,0,1.024622892635315,0.47102267764994693,WDR83
GO_Biological_Process_2023,Regulation Of Interferon-Alpha Production (GO:0032647),0.6314708810759843,0.9999942086337028,0,0,1.024622892635315,0.47102267764994693,TLR9
GO_Biological_Process_2023,Adenylate Cyclase-Inhibiting G Protein-Coupled Receptor Signaling Pathway (GO:0007193),0.6314708810759843,0.9999942086337028,0,0,1.024622892635315,0.47102267764994693,P2RY12
GO_Biological_Process_2023,Antibacterial Humoral Response (GO:0019731),0.6314708810759843,0.9999942086337028,0,0,1.024622892635315,0.47102267764994693,IGKV3-20
GO_Biological_Process_2023,Regulation Of Neuronal Synaptic Plasticity (GO:0048168),0.6314708810759843,0.9999942086337028,0,0,1.024622892635315,0.47102267764994693,RAB3A
GO_Biological_Process_2023,Regulation Of Nucleotide-Excision Repair (GO:2000819),0.6314708810759843,0.9999942086337028,0,0,1.024622892635315,0.47102267764994693,SMARCB1
GO_Biological_Process_2023,Regulation Of Peptidase Activity (GO:0052547),0.6314708810759843,0.9999942086337028,0,0,1.024622892635315,0.47102267764994693,CST3
GO_Biological_Process_2023,Dendritic Spine Organization (GO:0097061),0.6314708810759843,0.9999942086337028,0,0,1.024622892635315,0.47102267764994693,CHRNA7
GO_Biological_Process_2023,Heterotypic Cell-Cell Adhesion (GO:0034113),0.6314708810759843,0.9999942086337028,0,0,1.024622892635315,0.47102267764994693,MADCAM1
GO_Biological_Process_2023,Histone H3-K4 Methylation (GO:0051568),0.6314708810759843,0.9999942086337028,0,0,1.024622892635315,0.47102267764994693,PAGR1
GO_Biological_Process_2023,Innate Immune Response Activating Cell Surface Receptor Signaling Pathway (GO:0002220),0.6314708810759843,0.9999942086337028,0,0,1.024622892635315,0.47102267764994693,KLRC3
GO_Biological_Process_2023,Lipid Droplet Organization (GO:0034389),0.6314708810759843,0.9999942086337028,0,0,1.024622892635315,0.47102267764994693,BSCL2
GO_Biological_Process_2023,Membrane Fusion (GO:0061025),0.6314708810759843,0.9999942086337028,0,0,1.024622892635315,0.47102267764994693,NAPA
GO_Biological_Process_2023,Muscle Cell Development (GO:0055001),0.6314708810759843,0.9999942086337028,0,0,1.024622892635315,0.47102267764994693,ACTN2
GO_Biological_Process_2023,Negative Regulation Of Myeloid Leukocyte Differentiation (GO:0002762),0.6314708810759843,0.9999942086337028,0,0,1.024622892635315,0.47102267764994693,TCTA
GO_Biological_Process_2023,Negative Regulation Of Type II Interferon Production (GO:0032689),0.6314708810759843,0.9999942086337028,0,0,1.024622892635315,0.47102267764994693,LGALS9B
GO_Biological_Process_2023,Positive Regulation Of Glucose Transmembrane Transport (GO:0010828),0.6314708810759843,0.9999942086337028,0,0,1.024622892635315,0.47102267764994693,CLIP3
GO_Biological_Process_2023,Positive Regulation Of Nitric Oxide Metabolic Process (GO:1904407),0.6314708810759843,0.9999942086337028,0,0,1.024622892635315,0.47102267764994693,NOS1AP
GO_Biological_Process_2023,Regulation Of B Cell Activation (GO:0050864),0.6314708810759843,0.9999942086337028,0,0,1.024622892635315,0.47102267764994693,TLR9
GO_Biological_Process_2023,Regulation Of Actin Polymerization Or Depolymerization (GO:0008064),0.6314708810759843,0.9999942086337028,0,0,1.024622892635315,0.47102267764994693,TMSB4Y
GO_Biological_Process_2023,Regulation Of Mitotic Cell Cycle Phase Transition (GO:1901990),0.6378237714329295,0.9999942086337028,0,0,0.9177119808519126,0.4126888870121607,SMARCB1;CDK3;TM4SF5
GO_Biological_Process_2023,Positive Regulation Of MAP Kinase Activity (GO:0043406),0.6378237714329295,0.9999942086337028,0,0,0.9177119808519126,0.4126888870121607,EPGN;TLR9;MAP2K5
GO_Biological_Process_2023,Protein Localization To Membrane (GO:0072657),0.6386559065504733,0.9999942086337028,0,0,0.9172885433605845,0.41130251190872374,LRPAP1;SLC9A3R1;TM9SF1;RAB3A;ACTN2;MADCAM1
GO_Biological_Process_2023,Fat Cell Differentiation (GO:0045444),0.6414667807631591,0.9999942086337028,0,0,0.9238734676153255,0.4101978609695502,BSCL2;CLIP3
GO_Biological_Process_2023,Gland Development (GO:0048732),0.6414667807631591,0.9999942086337028,0,0,0.9238734676153255,0.4101978609695502,SLC9A3R1;CDK5RAP3
GO_Biological_Process_2023,post-Golgi Vesicle-Mediated Transport (GO:0006892),0.6414667807631591,0.9999942086337028,0,0,0.9238734676153255,0.4101978609695502,CCDC22;LLGL1
GO_Biological_Process_2023,Regulation Of Neuron Apoptotic Process (GO:0043523),0.646179218944986,0.9999942086337028,0,0,0.905880808611184,0.3955785684781587,SIGMAR1;VSTM2L;MT3
GO_Biological_Process_2023,Cellular Response To Salt (GO:1902075),0.646179218944986,0.9999942086337028,0,0,0.905880808611184,0.3955785684781587,P2RY12;ALOX15;HSF1
GO_Biological_Process_2023,Mitochondrial Respiratory Chain Complex Assembly (GO:0033108),0.646179218944986,0.9999942086337028,0,0,0.905880808611184,0.3955785684781587,OXA1L;NDUFB9;NDUFB6
GO_Biological_Process_2023,Regulation Of Chemotaxis (GO:0050920),0.6464977341534,0.9999942086337028,0,0,0.981859410430839,0.4282729218824181,P2RY12
GO_Biological_Process_2023,Regulation Of Chromatin Organization (GO:1902275),0.6464977341534,0.9999942086337028,0,0,0.981859410430839,0.4282729218824181,SSRP1
GO_Biological_Process_2023,Regulation Of Myeloid Cell Differentiation (GO:0045637),0.6464977341534,0.9999942086337028,0,0,0.981859410430839,0.4282729218824181,ZBTB16
GO_Biological_Process_2023,Cellular Response To cAMP (GO:0071320),0.6464977341534,0.9999942086337028,0,0,0.981859410430839,0.4282729218824181,AQP8
GO_Biological_Process_2023,Regulation Of Sprouting Angiogenesis (GO:1903670),0.6464977341534,0.9999942086337028,0,0,0.981859410430839,0.4282729218824181,EPN1
GO_Biological_Process_2023,Signal Release From Synapse (GO:0099643),0.6464977341534,0.9999942086337028,0,0,0.981859410430839,0.4282729218824181,RAB3A
GO_Biological_Process_2023,Positive Regulation Of T Cell Mediated Cytotoxicity (GO:0001916),0.6464977341534,0.9999942086337028,0,0,0.981859410430839,0.4282729218824181,HLA-G
GO_Biological_Process_2023,Positive Regulation Of Interleukin-10 Production (GO:0032733),0.6464977341534,0.9999942086337028,0,0,0.981859410430839,0.4282729218824181,TLR9
GO_Biological_Process_2023,Positive Regulation Of Lipid Kinase Activity (GO:0090218),0.6464977341534,0.9999942086337028,0,0,0.981859410430839,0.4282729218824181,P2RY12
GO_Biological_Process_2023,Positive Regulation Of Locomotion (GO:0040017),0.6464977341534,0.9999942086337028,0,0,0.981859410430839,0.4282729218824181,P2RY12
GO_Biological_Process_2023,Protein Palmitoylation (GO:0018345),0.6464977341534,0.9999942086337028,0,0,0.981859410430839,0.4282729218824181,ZDHHC1
GO_Biological_Process_2023,Protein Targeting To Lysosome (GO:0006622),0.6464977341534,0.9999942086337028,0,0,0.981859410430839,0.4282729218824181,GNPTG
GO_Biological_Process_2023,DNA Repair (GO:0006281),0.6513545010730694,0.9999942086337028,0,0,0.9155057357714562,0.39247844093612716,ALKBH3;PPP5C;VCP;TREX1;XRCC1;PMS2;ATRIP;GTF2H4;NHEJ1;MUTYH
GO_Biological_Process_2023,Intracellular Protein Transport (GO:0006886),0.6514594059834441,0.9999942086337028,0,0,0.9176789614469066,0.3932623191612159,NAPA;RAB43;CLIP3;OXA1L;RAB24;TIMM23;FAM53A;PHB2;GABARAP;ARF5;TIMM50
GO_Biological_Process_2023,DNA-templated Transcription Initiation (GO:0006352),0.6516013298824678,0.9999942086337028,0,0,0.9060411479491548,0.38807768393104747,GTF2F1;MED27
GO_Biological_Process_2023,Positive Regulation Of Type II Interferon Production (GO:0032729),0.6516013298824678,0.9999942086337028,0,0,0.9060411479491548,0.38807768393104747,MYDGF;TLR9
GO_Biological_Process_2023,Carbohydrate Derivative Biosynthetic Process (GO:1901137),0.66091285904125,0.9999942086337028,0,0,0.9425170068027211,0.39032765932395846,GAL3ST2
GO_Biological_Process_2023,Regulation Of Protein Transport (GO:0051223),0.66091285904125,0.9999942086337028,0,0,0.9425170068027211,0.39032765932395846,LLGL1
GO_Biological_Process_2023,Regulation Of Transcription By RNA Polymerase III (GO:0006359),0.66091285904125,0.9999942086337028,0,0,0.9425170068027211,0.39032765932395846,POLR3C
GO_Biological_Process_2023,Cortical Cytoskeleton Organization (GO:0030865),0.66091285904125,0.9999942086337028,0,0,0.9425170068027211,0.39032765932395846,LLGL1
GO_Biological_Process_2023,Transition Metal Ion Transport (GO:0000041),0.66091285904125,0.9999942086337028,0,0,0.9425170068027211,0.39032765932395846,MT3
GO_Biological_Process_2023,Integrated Stress Response Signaling (GO:0140467),0.66091285904125,0.9999942086337028,0,0,0.9425170068027211,0.39032765932395846,FOSL1
GO_Biological_Process_2023,mRNA Modification (GO:0016556),0.66091285904125,0.9999942086337028,0,0,0.9425170068027211,0.39032765932395846,PCIF1
GO_Biological_Process_2023,Mitochondrial Membrane Organization (GO:0007006),0.66091285904125,0.9999942086337028,0,0,0.9425170068027211,0.39032765932395846,TIMM50
GO_Biological_Process_2023,Mitotic G2 DNA Damage Checkpoint Signaling (GO:0007095),0.66091285904125,0.9999942086337028,0,0,0.9425170068027211,0.39032765932395846,CDK5RAP3
GO_Biological_Process_2023,Negative Regulation Of Axon Extension (GO:0030517),0.66091285904125,0.9999942086337028,0,0,0.9425170068027211,0.39032765932395846,MT3
GO_Biological_Process_2023,Negative Regulation Of Interleukin-6 Production (GO:0032715),0.66091285904125,0.9999942086337028,0,0,0.9425170068027211,0.39032765932395846,TLR9
GO_Biological_Process_2023,Negative Regulation Of Secretion By Cell (GO:1903531),0.66091285904125,0.9999942086337028,0,0,0.9425170068027211,0.39032765932395846,CYP51A1
GO_Biological_Process_2023,Nuclear Membrane Organization (GO:0071763),0.66091285904125,0.9999942086337028,0,0,0.9425170068027211,0.39032765932395846,EMD
GO_Biological_Process_2023,Plasma Membrane Invagination (GO:0099024),0.66091285904125,0.9999942086337028,0,0,0.9425170068027211,0.39032765932395846,ALKBH4
GO_Biological_Process_2023,Positive Regulation Of Notch Signaling Pathway (GO:0045747),0.66091285904125,0.9999942086337028,0,0,0.9425170068027211,0.39032765932395846,WNT1
GO_Biological_Process_2023,Positive Regulation Of Rho Protein Signal Transduction (GO:0035025),0.66091285904125,0.9999942086337028,0,0,0.9425170068027211,0.39032765932395846,GPR174
GO_Biological_Process_2023,Positive Regulation Of Fibroblast Proliferation (GO:0048146),0.66091285904125,0.9999942086337028,0,0,0.9425170068027211,0.39032765932395846,WNT1
GO_Biological_Process_2023,Positive Regulation Of Leukocyte Migration (GO:0002687),0.66091285904125,0.9999942086337028,0,0,0.9425170068027211,0.39032765932395846,MADCAM1
GO_Biological_Process_2023,Positive Regulation Of Microtubule Polymerization (GO:0031116),0.66091285904125,0.9999942086337028,0,0,0.9425170068027211,0.39032765932395846,DRG1
GO_Biological_Process_2023,Protein Quality Control For Misfolded Or Incompletely Synthesized Proteins (GO:0006515),0.66091285904125,0.9999942086337028,0,0,0.9425170068027211,0.39032765932395846,VCP
GO_Biological_Process_2023,Fatty Acid Catabolic Process (GO:0009062),0.6615066160408286,0.9999942086337028,0,0,0.8888817460062357,0.36731730955652525,ILVBL;MCAT
GO_Biological_Process_2023,Microtubule Cytoskeleton Organization Involved In Mitosis (GO:1902850),0.6615066160408286,0.9999942086337028,0,0,0.8888817460062357,0.36731730955652525,NUDC;BCCIP
GO_Biological_Process_2023,Negative Regulation Of Neuron Apoptotic Process (GO:0043524),0.6615066160408286,0.9999942086337028,0,0,0.8888817460062357,0.36731730955652525,VSTM2L;MT3
GO_Biological_Process_2023,Positive Regulation Of DNA-templated Transcription Initiation (GO:2000144),0.6615066160408286,0.9999942086337028,0,0,0.8888817460062357,0.36731730955652525,FOSL1;MED27
GO_Biological_Process_2023,"Positive Regulation Of DNA-templated Transcription, Elongation (GO:0032786)",0.6615066160408286,0.9999942086337028,0,0,0.8888817460062357,0.36731730955652525,MED27;ELL3
GO_Biological_Process_2023,Potassium Ion Transport (GO:0006813),0.6615066160408286,0.9999942086337028,0,0,0.8888817460062357,0.36731730955652525,KCNG1;SLC9A3
GO_Biological_Process_2023,Protein Targeting To Mitochondrion (GO:0006626),0.6615066160408286,0.9999942086337028,0,0,0.8888817460062357,0.36731730955652525,TIMM23;TIMM50
GO_Biological_Process_2023,Positive Regulation Of Supramolecular Fiber Organization (GO:1902905),0.6624776872041838,0.9999942086337028,0,0,0.8831058020477816,0.3636350643592637,CCL24;ALOX15;DRG1
GO_Biological_Process_2023,Protein Localization To Plasma Membrane (GO:0072659),0.6670900356477276,0.9999942086337028,0,0,0.8801341960220465,0.35630495206396057,LRPAP1;SLC9A3R1;RAB3A;ACTN2
GO_Biological_Process_2023,Cellular Response To Transforming Growth Factor Beta Stimulus (GO:0071560),0.6704203381656599,0.9999942086337028,0,0,0.8721400581468841,0.348725544927077,GPI;CLEC3B;GDF15
GO_Biological_Process_2023,Sulfur Compound Biosynthetic Process (GO:0044272),0.6711844771779998,0.9999942086337028,0,0,0.87235787746861,0.34781890070294696,GSTM1;CHST5
GO_Biological_Process_2023,DNA Geometric Change (GO:0032392),0.6747411180678922,0.9999942086337028,0,0,0.9062009419152276,0.356523184372498,RTEL1
GO_Biological_Process_2023,Golgi To Plasma Membrane Protein Transport (GO:0043001),0.6747411180678922,0.9999942086337028,0,0,0.9062009419152276,0.356523184372498,KRT18
GO_Biological_Process_2023,Carboxylic Acid Metabolic Process (GO:0019752),0.6747411180678922,0.9999942086337028,0,0,0.9062009419152276,0.356523184372498,LIPT2
GO_Biological_Process_2023,Regulation Of Protein Localization To Cell Surface (GO:2000008),0.6747411180678922,0.9999942086337028,0,0,0.9062009419152276,0.356523184372498,ACTN2
GO_Biological_Process_2023,Cell-Substrate Junction Assembly (GO:0007044),0.6747411180678922,0.9999942086337028,0,0,0.9062009419152276,0.356523184372498,ACTN2
GO_Biological_Process_2023,Superoxide Metabolic Process (GO:0006801),0.6747411180678922,0.9999942086337028,0,0,0.9062009419152276,0.356523184372498,MT3
GO_Biological_Process_2023,Gluconeogenesis (GO:0006094),0.6747411180678922,0.9999942086337028,0,0,0.9062009419152276,0.356523184372498,GPI
GO_Biological_Process_2023,Vacuolar Acidification (GO:0007035),0.6747411180678922,0.9999942086337028,0,0,0.9062009419152276,0.356523184372498,ATP6V0C
GO_Biological_Process_2023,Vesicle Coating (GO:0006901),0.6747411180678922,0.9999942086337028,0,0,0.9062009419152276,0.356523184372498,TRAPPC5
GO_Biological_Process_2023,Leukocyte Cell-Cell Adhesion (GO:0007159),0.6747411180678922,0.9999942086337028,0,0,0.9062009419152276,0.356523184372498,CD177
GO_Biological_Process_2023,Negative Regulation Of Protein Secretion (GO:0050709),0.6747411180678922,0.9999942086337028,0,0,0.9062009419152276,0.356523184372498,CYP51A1
GO_Biological_Process_2023,Nucleic Acid Metabolic Process (GO:0090304),0.6747411180678922,0.9999942086337028,0,0,0.9062009419152276,0.356523184372498,TREX1
GO_Biological_Process_2023,Phosphatidic Acid Biosynthetic Process (GO:0006654),0.6747411180678922,0.9999942086337028,0,0,0.9062009419152276,0.356523184372498,LIPC
GO_Biological_Process_2023,Platelet Aggregation (GO:0070527),0.6747411180678922,0.9999942086337028,0,0,0.9062009419152276,0.356523184372498,P2RY12
GO_Biological_Process_2023,Positive Regulation Of B Cell Proliferation (GO:0030890),0.6747411180678922,0.9999942086337028,0,0,0.9062009419152276,0.356523184372498,TLR9
GO_Biological_Process_2023,Positive Regulation Of Cation Channel Activity (GO:2001259),0.6747411180678922,0.9999942086337028,0,0,0.9062009419152276,0.356523184372498,GSTM2
GO_Biological_Process_2023,Positive Regulation Of Lamellipodium Organization (GO:1902745),0.6747411180678922,0.9999942086337028,0,0,0.9062009419152276,0.356523184372498,WNT1
GO_Biological_Process_2023,Positive Regulation Of Release Of Sequestered Calcium Ion Into Cytosol (GO:0051281),0.6747411180678922,0.9999942086337028,0,0,0.9062009419152276,0.356523184372498,GSTM2
GO_Biological_Process_2023,Protein Tetramerization (GO:0051262),0.6806369811823768,0.9999942086337028,0,0,0.8564348768778071,0.3294929205213089,OXA1L;FARSA
GO_Biological_Process_2023,Negative Regulation Of Wnt Signaling Pathway (GO:0030178),0.6807255142825783,0.9999942086337028,0,0,0.8638594840429703,0.3322370030339119,INVS;SLC9A3R1;GPI;EMD
GO_Biological_Process_2023,Protein Targeting (GO:0006605),0.6873952595006042,0.9999942086337028,0,0,0.855944055944056,0.32084704370553435,PEX16;TIMM23;ZDHHC1;GABARAP
GO_Biological_Process_2023,RNA 3'-End Processing (GO:0031123),0.6880063645046824,0.9999942086337028,0,0,0.8725749559082893,0.32630567888824674,ELAC2
GO_Biological_Process_2023,Regulation Of Sodium Ion Transmembrane Transporter Activity (GO:2000649),0.6880063645046824,0.9999942086337028,0,0,0.8725749559082893,0.32630567888824674,FXYD5
GO_Biological_Process_2023,Cytoplasmic Translational Initiation (GO:0002183),0.6880063645046824,0.9999942086337028,0,0,0.8725749559082893,0.32630567888824674,EIF3I
GO_Biological_Process_2023,Synaptic Vesicle Exocytosis (GO:0016079),0.6880063645046824,0.9999942086337028,0,0,0.8725749559082893,0.32630567888824674,RAB3A
GO_Biological_Process_2023,Vitamin Transport (GO:0051180),0.6880063645046824,0.9999942086337028,0,0,0.8725749559082893,0.32630567888824674,SLC25A32
GO_Biological_Process_2023,Lamellipodium Organization (GO:0097581),0.6880063645046824,0.9999942086337028,0,0,0.8725749559082893,0.32630567888824674,P2RY12
GO_Biological_Process_2023,Liver Development (GO:0001889),0.6880063645046824,0.9999942086337028,0,0,0.8725749559082893,0.32630567888824674,CDK5RAP3
GO_Biological_Process_2023,Negative Regulation Of Endocytosis (GO:0045806),0.6880063645046824,0.9999942086337028,0,0,0.8725749559082893,0.32630567888824674,NR1H2
GO_Biological_Process_2023,Positive Regulation Of JUN Kinase Activity (GO:0043507),0.6880063645046824,0.9999942086337028,0,0,0.8725749559082893,0.32630567888824674,TLR9
GO_Biological_Process_2023,Positive Regulation Of Ion Transmembrane Transporter Activity (GO:0032414),0.6880063645046824,0.9999942086337028,0,0,0.8725749559082893,0.32630567888824674,ACTN2
GO_Biological_Process_2023,Positive Regulation Of Small Molecule Metabolic Process (GO:0062013),0.6880063645046824,0.9999942086337028,0,0,0.8725749559082893,0.32630567888824674,CES1
GO_Biological_Process_2023,Regulation Of Cell Migration Involved In Sprouting Angiogenesis (GO:0090049),0.6880063645046824,0.9999942086337028,0,0,0.8725749559082893,0.32630567888824674,MAP2K5
GO_Biological_Process_2023,Monoatomic Cation Homeostasis (GO:0055080),0.6898664045524563,0.9999942086337028,0,0,0.8410805548795327,0.31225730995632517,SCNN1B;MT3
GO_Biological_Process_2023,Positive Regulation Of Macroautophagy (GO:0016239),0.6898664045524563,0.9999942086337028,0,0,0.8410805548795327,0.31225730995632517,RNF31;TOM1
GO_Biological_Process_2023,Ribonucleoprotein Complex Biogenesis (GO:0022613),0.6939661139410216,0.9999942086337028,0,0,0.8481712481712482,0.3098642229838389,RRP7A;NOP16;PES1;PWP2
GO_Biological_Process_2023,Positive Regulation Of T Cell Differentiation (GO:0045582),0.6988752117897962,0.9999942086337028,0,0,0.8262649810215488,0.2960367594802072,SMARCB1;HLA-G
GO_Biological_Process_2023,Regulation Of Lamellipodium Assembly (GO:0010591),0.7007314837850773,0.9999942086337028,0,0,0.8413508260447036,0.2992100256362155,WNT1
GO_Biological_Process_2023,Regulation Of Metaphase/Anaphase Transition Of Cell Cycle (GO:1902099),0.7007314837850773,0.9999942086337028,0,0,0.8413508260447036,0.2992100256362155,SMARCB1
GO_Biological_Process_2023,Regulation Of Spindle Assembly (GO:0090169),0.7007314837850773,0.9999942086337028,0,0,0.8413508260447036,0.2992100256362155,DRG1
GO_Biological_Process_2023,Regulation Of Transcription By RNA Polymerase I (GO:0006356),0.7007314837850773,0.9999942086337028,0,0,0.8413508260447036,0.2992100256362155,RASL11A
GO_Biological_Process_2023,Negative Regulation Of BMP Signaling Pathway (GO:0030514),0.7007314837850773,0.9999942086337028,0,0,0.8413508260447036,0.2992100256362155,WNT1
GO_Biological_Process_2023,Negative Regulation Of DNA Metabolic Process (GO:0051053),0.7007314837850773,0.9999942086337028,0,0,0.8413508260447036,0.2992100256362155,RTEL1
GO_Biological_Process_2023,Negative Regulation Of Blood Vessel Endothelial Cell Migration (GO:0043537),0.7007314837850773,0.9999942086337028,0,0,0.8413508260447036,0.2992100256362155,MAP2K5
GO_Biological_Process_2023,Positive Regulation Of Myoblast Differentiation (GO:0045663),0.7007314837850773,0.9999942086337028,0,0,0.8413508260447036,0.2992100256362155,SMARCB1
GO_Biological_Process_2023,Positive Regulation Of Organelle Organization (GO:0010638),0.7007314837850773,0.9999942086337028,0,0,0.8413508260447036,0.2992100256362155,TOM1
GO_Biological_Process_2023,Positive Regulation Of Protein Targeting To Mitochondrion (GO:1903955),0.7007314837850773,0.9999942086337028,0,0,0.8413508260447036,0.2992100256362155,RNF31
GO_Biological_Process_2023,Regulation Of DNA Recombination (GO:0000018),0.7007314837850773,0.9999942086337028,0,0,0.8413508260447036,0.2992100256362155,RTEL1
GO_Biological_Process_2023,Regulation Of Cell Adhesion Mediated By Integrin (GO:0033628),0.7007314837850773,0.9999942086337028,0,0,0.8413508260447036,0.2992100256362155,P2RY12
GO_Biological_Process_2023,Epithelial Cell Differentiation (GO:0030855),0.7008159489172239,0.9999942086337028,0,0,0.8308572575787995,0.29537804823839287,FN3K;PIH1D1;CES1
GO_Biological_Process_2023,Regulation Of Wnt Signaling Pathway (GO:0030111),0.7008159489172239,0.9999942086337028,0,0,0.8308572575787995,0.29537804823839287,GPI;EMD;ATP6V0C
GO_Biological_Process_2023,Phosphate-Containing Compound Metabolic Process (GO:0006796),0.7027476655028357,0.9999942086337028,0,0,0.8463708485266581,0.29856357246868165,THTPA;GPI;ALOX15B;PLB1;LHPP
GO_Biological_Process_2023,Actomyosin Structure Organization (GO:0031032),0.7076660364620827,0.9999942086337028,0,0,0.8119602890207367,0.28076206176533486,ALKBH4;ACTN2
GO_Biological_Process_2023,Second-Messenger-Mediated Signaling (GO:0019932),0.7076660364620827,0.9999942086337028,0,0,0.8119602890207367,0.28076206176533486,P2RY12;PTGDR2
GO_Biological_Process_2023,Sphingolipid Biosynthetic Process (GO:0030148),0.7076660364620827,0.9999942086337028,0,0,0.8119602890207367,0.28076206176533486,ACER2;SMPD2
GO_Biological_Process_2023,Monoatomic Ion Transport (GO:0006811),0.7076660364620827,0.9999942086337028,0,0,0.8119602890207367,0.28076206176533486,SLC9A3;CHRNA7
GO_Biological_Process_2023,Negative Regulation Of Cellular Catabolic Process (GO:0031330),0.7076660364620827,0.9999942086337028,0,0,0.8119602890207367,0.28076206176533486,MTMR8;TIMP4
GO_Biological_Process_2023,Positive Regulation Of Cell-Substrate Adhesion (GO:0010811),0.7076660364620827,0.9999942086337028,0,0,0.8119602890207367,0.28076206176533486,ALOX15;CD3E
GO_Biological_Process_2023,Membrane Organization (GO:0061024),0.7084764084720637,0.9999942086337028,0,0,0.8402641878669276,0.2895874046512973,NAPA;SLC9A3R1;SYNGR2;EMD;TIMM50
GO_Biological_Process_2023,Apoptotic Mitochondrial Changes (GO:0008637),0.7129384326054425,0.9999942086337028,0,0,0.8122800844475722,0.2748432616405675,TIMM50
GO_Biological_Process_2023,Regulation Of Phosphatidylinositol 3-Kinase Activity (GO:0043551),0.7129384326054425,0.9999942086337028,0,0,0.8122800844475722,0.2748432616405675,P2RY12
GO_Biological_Process_2023,Carbohydrate Catabolic Process (GO:0016052),0.7129384326054425,0.9999942086337028,0,0,0.8122800844475722,0.2748432616405675,GPI
GO_Biological_Process_2023,Regulation Of Receptor Internalization (GO:0002090),0.7129384326054425,0.9999942086337028,0,0,0.8122800844475722,0.2748432616405675,LRPAP1
GO_Biological_Process_2023,Regulation Of Receptor-Mediated Endocytosis (GO:0048259),0.7129384326054425,0.9999942086337028,0,0,0.8122800844475722,0.2748432616405675,LRPAP1
GO_Biological_Process_2023,Ceramide Biosynthetic Process (GO:0046513),0.7129384326054425,0.9999942086337028,0,0,0.8122800844475722,0.2748432616405675,SMPD2
GO_Biological_Process_2023,Dendrite Morphogenesis (GO:0048813),0.7129384326054425,0.9999942086337028,0,0,0.8122800844475722,0.2748432616405675,CHRNA7
GO_Biological_Process_2023,Toll-Like Receptor Signaling Pathway (GO:0002224),0.7129384326054425,0.9999942086337028,0,0,0.8122800844475722,0.2748432616405675,TLR9
GO_Biological_Process_2023,Transcription Initiation-Coupled Chromatin Remodeling (GO:0045815),0.7129384326054425,0.9999942086337028,0,0,0.8122800844475722,0.2748432616405675,SMARCB1
GO_Biological_Process_2023,Triglyceride Metabolic Process (GO:0006641),0.7129384326054425,0.9999942086337028,0,0,0.8122800844475722,0.2748432616405675,LIPC
GO_Biological_Process_2023,Vesicle Budding From Membrane (GO:0006900),0.7129384326054425,0.9999942086337028,0,0,0.8122800844475722,0.2748432616405675,TRAPPC5
GO_Biological_Process_2023,Hexose Biosynthetic Process (GO:0019319),0.7129384326054425,0.9999942086337028,0,0,0.8122800844475722,0.2748432616405675,GPI
GO_Biological_Process_2023,Histone Lysine Methylation (GO:0034968),0.7129384326054425,0.9999942086337028,0,0,0.8122800844475722,0.2748432616405675,PAGR1
GO_Biological_Process_2023,Intracellular pH Reduction (GO:0051452),0.7129384326054425,0.9999942086337028,0,0,0.8122800844475722,0.2748432616405675,ATP6V0C
GO_Biological_Process_2023,Myofibril Assembly (GO:0030239),0.7129384326054425,0.9999942086337028,0,0,0.8122800844475722,0.2748432616405675,ACTN2
GO_Biological_Process_2023,Negative Regulation Of T Cell Proliferation (GO:0042130),0.7129384326054425,0.9999942086337028,0,0,0.8122800844475722,0.2748432616405675,HLA-G
GO_Biological_Process_2023,Negative Regulation Of Cell Cycle Process (GO:0010948),0.7129384326054425,0.9999942086337028,0,0,0.8122800844475722,0.2748432616405675,HLA-G
GO_Biological_Process_2023,Negative Regulation Of Fat Cell Differentiation (GO:0045599),0.7129384326054425,0.9999942086337028,0,0,0.8122800844475722,0.2748432616405675,WNT1
GO_Biological_Process_2023,Negative Regulation Of Proteasomal Ubiquitin-Dependent Protein Catabolic Process (GO:0032435),0.7129384326054425,0.9999942086337028,0,0,0.8122800844475722,0.2748432616405675,DDRGK1
GO_Biological_Process_2023,Organophosphate Biosynthetic Process (GO:0090407),0.7129384326054425,0.9999942086337028,0,0,0.8122800844475722,0.2748432616405675,MBOAT1
GO_Biological_Process_2023,Phosphatidic Acid Metabolic Process (GO:0046473),0.7129384326054425,0.9999942086337028,0,0,0.8122800844475722,0.2748432616405675,LIPC
GO_Biological_Process_2023,Positive Regulation Of Axonogenesis (GO:0050772),0.7129384326054425,0.9999942086337028,0,0,0.8122800844475722,0.2748432616405675,L1CAM
GO_Biological_Process_2023,Positive Regulation Of Cytokine Production Involved In Immune Response (GO:0002720),0.7129384326054425,0.9999942086337028,0,0,0.8122800844475722,0.2748432616405675,HLA-G
GO_Biological_Process_2023,Positive Regulation Of Epidermal Growth Factor Receptor Signaling Pathway (GO:0045742),0.7129384326054425,0.9999942086337028,0,0,0.8122800844475722,0.2748432616405675,EPGN
GO_Biological_Process_2023,Positive Regulation Of Insulin Secretion (GO:0032024),0.7129384326054425,0.9999942086337028,0,0,0.8122800844475722,0.2748432616405675,MYRIP
GO_Biological_Process_2023,Positive Regulation Of Mitotic Nuclear Division (GO:0045840),0.7129384326054425,0.9999942086337028,0,0,0.8122800844475722,0.2748432616405675,EPGN
GO_Biological_Process_2023,Positive Regulation Of Peptide Hormone Secretion (GO:0090277),0.7129384326054425,0.9999942086337028,0,0,0.8122800844475722,0.2748432616405675,MYRIP
GO_Biological_Process_2023,Protein Localization To Cilium (GO:0061512),0.7129384326054425,0.9999942086337028,0,0,0.8122800844475722,0.2748432616405675,INVS
GO_Biological_Process_2023,Regulation Of T Cell Mediated Cytotoxicity (GO:0001914),0.7129384326054425,0.9999942086337028,0,0,0.8122800844475722,0.2748432616405675,HLA-G
GO_Biological_Process_2023,Protein Localization To Cell Periphery (GO:1990778),0.7130849601545123,0.9999942086337028,0,0,0.8256710151446993,0.2792045401754977,LRPAP1;SLC9A3R1;RAB3A;ACTN2
GO_Biological_Process_2023,Adenylate Cyclase-Modulating G Protein-Coupled Receptor Signaling Pathway (GO:0007188),0.7151940545772871,0.9999942086337028,0,0,0.8116394021419324,0.2720626380088267,P2RY12;ADORA2A;CNR1
GO_Biological_Process_2023,Cell-Matrix Adhesion (GO:0007160),0.7151940545772871,0.9999942086337028,0,0,0.8116394021419324,0.2720626380088267,ACTN2;MADCAM1;L1CAM
GO_Biological_Process_2023,Protein Catabolic Process (GO:0030163),0.7151940545772871,0.9999942086337028,0,0,0.8116394021419324,0.2720626380088267,PSMA6;VCP;SQSTM1
GO_Biological_Process_2023,Transcription Initiation At RNA Polymerase II Promoter (GO:0006367),0.7162416634198935,0.9999942086337028,0,0,0.7981405018335114,0.2663695356315267,GTF2F1;MED27
GO_Biological_Process_2023,Neutrophil Migration (GO:1990266),0.7162416634198935,0.9999942086337028,0,0,0.7981405018335114,0.2663695356315267,CCL24;CD177
GO_Biological_Process_2023,Peptidyl-Threonine Modification (GO:0018210),0.7162416634198935,0.9999942086337028,0,0,0.7981405018335114,0.2663695356315267,GPI;GALNT4
GO_Biological_Process_2023,Positive Regulation Of Endothelial Cell Proliferation (GO:0001938),0.7162416634198935,0.9999942086337028,0,0,0.7981405018335114,0.2663695356315267,MYDGF;CCL24
GO_Biological_Process_2023,Regulation Of Actin Filament Polymerization (GO:0030833),0.7162416634198935,0.9999942086337028,0,0,0.7981405018335114,0.2663695356315267,CCL24;ALOX15
GO_Biological_Process_2023,Protein Transport (GO:0015031),0.716687981548691,0.9999942086337028,0,0,0.8640658335873209,0.2878330354936081,NAPA;RAB43;KRT18;RAB3A;RAB24;TOM1;MIA2;TIMM23;ARF5;TIMM50
GO_Biological_Process_2023,Regulation Of Mitotic Cell Cycle (GO:0007346),0.7192602371752486,0.9999942086337028,0,0,0.8184318097361576,0.2696995067495634,SLC9A3R1;USP2;HSF1;CDK5RAP3
GO_Biological_Process_2023,Negative Regulation Of Canonical Wnt Signaling Pathway (GO:0090090),0.7221802903949007,0.9999942086337028,0,0,0.8023580515048092,0.26115186895088516,INVS;SLC9A3R1;EMD
GO_Biological_Process_2023,Transforming Growth Factor Beta Receptor Signaling Pathway (GO:0007179),0.7246050123065794,0.9999942086337028,0,0,0.7847813742191937,0.25280051220078564,GPI;GDF15
GO_Biological_Process_2023,Positive Regulation Of Cell Cycle (GO:0045787),0.7246050123065794,0.9999942086337028,0,0,0.7847813742191937,0.25280051220078564,USP2;HSF1
GO_Biological_Process_2023,Positive Regulation Of Secretion By Cell (GO:1903532),0.7246050123065794,0.9999942086337028,0,0,0.7847813742191937,0.25280051220078564,RAB3A;APBB1
GO_Biological_Process_2023,Potassium Ion Transmembrane Transport (GO:0071805),0.7246050123065794,0.9999942086337028,0,0,0.7847813742191937,0.25280051220078564,KCNG1;SLC9A3
GO_Biological_Process_2023,Regulation Of Rho Protein Signal Transduction (GO:0035023),0.7246050123065794,0.9999942086337028,0,0,0.7847813742191937,0.25280051220078564,GPR174;ARHGEF18
GO_Biological_Process_2023,SMAD Protein Signal Transduction (GO:0060395),0.7246482765723363,0.9999942086337028,0,0,0.7851473922902494,0.25287153939034346,GDF15
GO_Biological_Process_2023,Amino Acid Catabolic Process (GO:0009063),0.7246482765723363,0.9999942086337028,0,0,0.7851473922902494,0.25287153939034346,BCKDHA
GO_Biological_Process_2023,Response To cAMP (GO:0051591),0.7246482765723363,0.9999942086337028,0,0,0.7851473922902494,0.25287153939034346,AQP8
GO_Biological_Process_2023,Cognition (GO:0050890),0.7246482765723363,0.9999942086337028,0,0,0.7851473922902494,0.25287153939034346,CHRNA7
GO_Biological_Process_2023,Response To Peptide (GO:1901652),0.7246482765723363,0.9999942086337028,0,0,0.7851473922902494,0.25287153939034346,CHRNA7
GO_Biological_Process_2023,Lymphocyte Migration (GO:0072676),0.7246482765723363,0.9999942086337028,0,0,0.7851473922902494,0.25287153939034346,CCL24
GO_Biological_Process_2023,Membrane Protein Proteolysis (GO:0033619),0.7246482765723363,0.9999942086337028,0,0,0.7851473922902494,0.25287153939034346,NAPSA
GO_Biological_Process_2023,Negative Regulation Of Cell Cycle G1/S Phase Transition (GO:1902807),0.7246482765723363,0.9999942086337028,0,0,0.7851473922902494,0.25287153939034346,APBB1
GO_Biological_Process_2023,Negative Regulation Of Cell-Substrate Adhesion (GO:0010812),0.7246482765723363,0.9999942086337028,0,0,0.7851473922902494,0.25287153939034346,WNT1
GO_Biological_Process_2023,Negative Regulation Of Mitotic Cell Cycle (GO:0045930),0.7246482765723363,0.9999942086337028,0,0,0.7851473922902494,0.25287153939034346,SLC9A3R1
GO_Biological_Process_2023,Positive Regulation Of Chromosome Organization (GO:2001252),0.7246482765723363,0.9999942086337028,0,0,0.7851473922902494,0.25287153939034346,RTEL1
GO_Biological_Process_2023,Positive Regulation Of Developmental Growth (GO:0048639),0.7246482765723363,0.9999942086337028,0,0,0.7851473922902494,0.25287153939034346,L1CAM
GO_Biological_Process_2023,Positive Regulation Of Pathway-Restricted SMAD Protein Phosphorylation (GO:0010862),0.7246482765723363,0.9999942086337028,0,0,0.7851473922902494,0.25287153939034346,GDF15
GO_Biological_Process_2023,Positive Regulation Of Signaling Receptor Activity (GO:2000273),0.7246482765723363,0.9999942086337028,0,0,0.7851473922902494,0.25287153939034346,EPGN
GO_Biological_Process_2023,Regulation Of G2/M Transition Of Mitotic Cell Cycle (GO:0010389),0.7246482765723363,0.9999942086337028,0,0,0.7851473922902494,0.25287153939034346,CDK3
GO_Biological_Process_2023,Regulation Of Amyloid-Beta Formation (GO:1902003),0.7246482765723363,0.9999942086337028,0,0,0.7851473922902494,0.25287153939034346,CHRNA7
GO_Biological_Process_2023,Regulation Of Organelle Organization (GO:0033043),0.7290323854549321,0.9999942086337028,0,0,0.7932852705449246,0.2507075949924372,TOM1;CLEC16A;SQSTM1
GO_Biological_Process_2023,Negative Regulation Of Protein Metabolic Process (GO:0051248),0.731315407309657,0.9999942086337028,0,0,0.8043246402220762,0.2516815759024832,CST3;PCIF1;CYP51A1;CDK5RAP3
GO_Biological_Process_2023,Spindle Assembly (GO:0051225),0.7327591216781411,0.9999942086337028,0,0,0.7718602507889519,0.2400008763306269,BCCIP;HAUS4
GO_Biological_Process_2023,Extrinsic Apoptotic Signaling Pathway (GO:0097191),0.7327591216781411,0.9999942086337028,0,0,0.7718602507889519,0.2400008763306269,GABARAP;DEDD
GO_Biological_Process_2023,Positive Regulation Of Protein Secretion (GO:0050714),0.7327591216781411,0.9999942086337028,0,0,0.7718602507889519,0.2400008763306269,MYRIP;APBB1
GO_Biological_Process_2023,Protein Localization (GO:0008104),0.7333728536700318,0.9999942086337028,0,0,0.8556451797703889,0.26533645873822953,NAPA;RAB43;TM9SF1;RAB24;TIMM23;MAL;SQSTM1;ARF5;PEX14;CD177;TIMM50
GO_Biological_Process_2023,DNA Damage Checkpoint Signaling (GO:0000077),0.735881226216145,0.9999942086337028,0,0,0.7597651964011412,0.23300976742595697,ATRIP
GO_Biological_Process_2023,Regulation Of Mitochondrial Membrane Potential (GO:0051881),0.735881226216145,0.9999942086337028,0,0,0.7597651964011412,0.23300976742595697,VCP
GO_Biological_Process_2023,Regulation Of Osteoclast Differentiation (GO:0045670),0.735881226216145,0.9999942086337028,0,0,0.7597651964011412,0.23300976742595697,TCTA
GO_Biological_Process_2023,Secondary Alcohol Metabolic Process (GO:1902652),0.735881226216145,0.9999942086337028,0,0,0.7597651964011412,0.23300976742595697,CES1
GO_Biological_Process_2023,Establishment Of Spindle Orientation (GO:0051294),0.735881226216145,0.9999942086337028,0,0,0.7597651964011412,0.23300976742595697,LLGL1
GO_Biological_Process_2023,Monocyte Chemotaxis (GO:0002548),0.735881226216145,0.9999942086337028,0,0,0.7597651964011412,0.23300976742595697,CCL24
GO_Biological_Process_2023,Negative Regulation Of Lymphocyte Proliferation (GO:0050672),0.735881226216145,0.9999942086337028,0,0,0.7597651964011412,0.23300976742595697,HLA-G
GO_Biological_Process_2023,Positive Regulation Of Establishment Of Protein Localization To Mitochondrion (GO:1903749),0.735881226216145,0.9999942086337028,0,0,0.7597651964011412,0.23300976742595697,RNF31
GO_Biological_Process_2023,Positive Regulation Of Lipid Biosynthetic Process (GO:0046889),0.735881226216145,0.9999942086337028,0,0,0.7597651964011412,0.23300976742595697,NR1H2
GO_Biological_Process_2023,Protein Acylation (GO:0043543),0.735881226216145,0.9999942086337028,0,0,0.7597651964011412,0.23300976742595697,ZDHHC1
GO_Biological_Process_2023,Protein Targeting To Vacuole (GO:0006623),0.735881226216145,0.9999942086337028,0,0,0.7597651964011412,0.23300976742595697,SQSTM1
GO_Biological_Process_2023,Endosomal Transport (GO:0016197),0.74640327148157,0.9999942086337028,0,0,0.7998439101668064,0.2339457425580835,RAB43;TOM1;CLEC16A;CCDC22;SQSTM1
GO_Biological_Process_2023,Modification-Dependent Protein Catabolic Process (GO:0019941),0.746405589517344,0.9999942086337028,0,0,0.8106701366297983,0.2371097797585456,RNF167;UBE2L6;PSMF1;SQSTM1;GET4;UBL7
GO_Biological_Process_2023,RNA Transport (GO:0050658),0.7466566718503042,0.9999942086337028,0,0,0.735969387755102,0.21501331591937206,RBFOX1
GO_Biological_Process_2023,Regulation Of Viral Entry Into Host Cell (GO:0046596),0.7466566718503042,0.9999942086337028,0,0,0.735969387755102,0.21501331591937206,TRIM34
GO_Biological_Process_2023,Stem Cell Differentiation (GO:0048863),0.7466566718503042,0.9999942086337028,0,0,0.735969387755102,0.21501331591937206,ELL3
GO_Biological_Process_2023,Interstrand Cross-Link Repair (GO:0036297),0.7466566718503042,0.9999942086337028,0,0,0.735969387755102,0.21501331591937206,VCP
GO_Biological_Process_2023,Positive Regulation Of Intracellular Transport (GO:0032388),0.7466566718503042,0.9999942086337028,0,0,0.735969387755102,0.21501331591937206,ACTN2
GO_Biological_Process_2023,Positive Regulation Of Ossification (GO:0045778),0.7466566718503042,0.9999942086337028,0,0,0.735969387755102,0.21501331591937206,ZBTB16
GO_Biological_Process_2023,Positive Regulation Of Protein Tyrosine Kinase Activity (GO:0061098),0.7466566718503042,0.9999942086337028,0,0,0.735969387755102,0.21501331591937206,EPGN
GO_Biological_Process_2023,Positive Regulation Of Signal Transduction (GO:0009967),0.7477367009685034,0.9999942086337028,0,0,0.8185276367304372,0.23794955853099983,RWDD3;SMARCB1;PIH1D1;CHRNA7;WNT1;ATP6V0C;MT3
GO_Biological_Process_2023,Plasma Membrane Organization (GO:0007009),0.7484522859968712,0.9999942086337028,0,0,0.7472485871123009,0.21651365159286032,SLC9A3R1;RAB3A
GO_Biological_Process_2023,Cell-Cell Adhesion Via Plasma-Membrane Adhesion Molecules (GO:0098742),0.748793378064881,0.9999942086337028,0,0,0.7672503338774299,0.2219595349313567,PCDHGC3;L1CAM;CD177
GO_Biological_Process_2023,Metal Ion Transport (GO:0030001),0.748793378064881,0.9999942086337028,0,0,0.7672503338774299,0.2219595349313567,KCNG1;SCNN1B;CHRNA7
GO_Biological_Process_2023,Positive Regulation Of Protein Metabolic Process (GO:0051247),0.751124506524466,0.9999942086337028,0,0,0.8059789267336437,0.2306581549394266,VCP;NR1H2;CHRNA7;PCIF1;TLR9;MAP2K5
GO_Biological_Process_2023,Positive Regulation Of Wnt Signaling Pathway (GO:0030177),0.7551188523907484,0.9999942086337028,0,0,0.7589452823956843,0.21317264331125219,VCP;LBX2;ATP6V0C
GO_Biological_Process_2023,Protein Stabilization (GO:0050821),0.755779465185626,0.9999942086337028,0,0,0.8013410260408546,0.22438002134023605,GPI;PIH1D1;USP2;POLR2E;PHB2;MT3
GO_Biological_Process_2023,Regulation Of Fat Cell Differentiation (GO:0045598),0.7559978881620216,0.9999942086337028,0,0,0.735519591141397,0.2057371100560627,ZBTB16;WNT1
GO_Biological_Process_2023,Regulation Of p38MAPK Cascade (GO:1900744),0.756993216571775,0.9999942086337028,0,0,0.713615749330035,0.19867132860998032,RELL1
GO_Biological_Process_2023,Bone Development (GO:0060348),0.756993216571775,0.9999942086337028,0,0,0.713615749330035,0.19867132860998032,WNT1
GO_Biological_Process_2023,Establishment Of Protein Localization To Plasma Membrane (GO:0061951),0.756993216571775,0.9999942086337028,0,0,0.713615749330035,0.19867132860998032,KRT18
GO_Biological_Process_2023,Translational Elongation (GO:0006414),0.756993216571775,0.9999942086337028,0,0,0.713615749330035,0.19867132860998032,TUFM
GO_Biological_Process_2023,Lymphocyte Chemotaxis (GO:0048247),0.756993216571775,0.9999942086337028,0,0,0.713615749330035,0.19867132860998032,CCL24
GO_Biological_Process_2023,Negative Regulation Of Hydrolase Activity (GO:0051346),0.756993216571775,0.9999942086337028,0,0,0.713615749330035,0.19867132860998032,CST3
GO_Biological_Process_2023,Negative Regulation Of Protein Localization (GO:1903828),0.756993216571775,0.9999942086337028,0,0,0.713615749330035,0.19867132860998032,VCP
GO_Biological_Process_2023,Negative Regulation Of Transferase Activity (GO:0051348),0.756993216571775,0.9999942086337028,0,0,0.713615749330035,0.19867132860998032,XRCC1
GO_Biological_Process_2023,Negative Regulation Of Transport (GO:0051051),0.756993216571775,0.9999942086337028,0,0,0.713615749330035,0.19867132860998032,NR1H2
GO_Biological_Process_2023,Nucleosome Assembly (GO:0006334),0.756993216571775,0.9999942086337028,0,0,0.713615749330035,0.19867132860998032,SSRP1
GO_Biological_Process_2023,Positive Regulation Of Actin Filament Polymerization (GO:0030838),0.756993216571775,0.9999942086337028,0,0,0.713615749330035,0.19867132860998032,CCL24
GO_Biological_Process_2023,Positive Regulation Of Exocytosis (GO:0045921),0.756993216571775,0.9999942086337028,0,0,0.713615749330035,0.19867132860998032,RAB3A
GO_Biological_Process_2023,Positive Regulation Of Myeloid Leukocyte Differentiation (GO:0002763),0.756993216571775,0.9999942086337028,0,0,0.713615749330035,0.19867132860998032,HSF1
GO_Biological_Process_2023,Proton Transmembrane Transport (GO:1902600),0.756993216571775,0.9999942086337028,0,0,0.713615749330035,0.19867132860998032,ATP6V0C
GO_Biological_Process_2023,Cellular Response To Oxygen-Containing Compound (GO:1901701),0.7588324700098241,0.9999942086337028,0,0,0.835830505817404,0.23066769745027157,P2RY12;VCP;TICAM2;AQP8;NFKBIL1;ALOX15;GPBAR1;LDOC1;SQSTM1;MT3;PEX14
GO_Biological_Process_2023,Cellular Response To Metal Ion (GO:0071248),0.7613155285613911,0.9999942086337028,0,0,0.7508169341369545,0.2047533215589738,ALOX15;HSF1;MT3
GO_Biological_Process_2023,Import Into Nucleus (GO:0051170),0.7633473209559681,0.9999942086337028,0,0,0.7241514873542131,0.19555142230668754,FAM53A;PHB2
GO_Biological_Process_2023,Negative Regulation Of Neuron Death (GO:1901215),0.7633473209559681,0.9999942086337028,0,0,0.7241514873542131,0.19555142230668754,VSTM2L;MT3
GO_Biological_Process_2023,Positive Regulation Of Lymphocyte Proliferation (GO:0050671),0.7633473209559681,0.9999942086337028,0,0,0.7241514873542131,0.19555142230668754,TLR9;CD3E
GO_Biological_Process_2023,COPII-coated Vesicle Budding (GO:0090114),0.766908708372707,0.9999942086337028,0,0,0.6925770308123249,0.18380129298733278,TRAPPC5
GO_Biological_Process_2023,O-glycan Processing (GO:0016266),0.766908708372707,0.9999942086337028,0,0,0.6925770308123249,0.18380129298733278,GALNT4
GO_Biological_Process_2023,Regulation Of Nitric Oxide Biosynthetic Process (GO:0045428),0.766908708372707,0.9999942086337028,0,0,0.6925770308123249,0.18380129298733278,NOS1AP
GO_Biological_Process_2023,Regulation Of Protein Targeting To Mitochondrion (GO:1903214),0.766908708372707,0.9999942086337028,0,0,0.6925770308123249,0.18380129298733278,RNF31
GO_Biological_Process_2023,Response To Transforming Growth Factor Beta (GO:0071559),0.766908708372707,0.9999942086337028,0,0,0.6925770308123249,0.18380129298733278,CLEC3B
GO_Biological_Process_2023,Homotypic Cell-Cell Adhesion (GO:0034109),0.766908708372707,0.9999942086337028,0,0,0.6925770308123249,0.18380129298733278,P2RY12
GO_Biological_Process_2023,Negative Regulation Of Type I Interferon Production (GO:0032480),0.766908708372707,0.9999942086337028,0,0,0.6925770308123249,0.18380129298733278,GPATCH3
GO_Biological_Process_2023,Organelle Transport Along Microtubule (GO:0072384),0.766908708372707,0.9999942086337028,0,0,0.6925770308123249,0.18380129298733278,PEX14
GO_Biological_Process_2023,Positive Regulation Of Intrinsic Apoptotic Signaling Pathway (GO:2001244),0.766908708372707,0.9999942086337028,0,0,0.6925770308123249,0.18380129298733278,SLC9A3R1
GO_Biological_Process_2023,Positive Regulation Of Stem Cell Population Maintenance (GO:1902459),0.766908708372707,0.9999942086337028,0,0,0.6925770308123249,0.18380129298733278,SMARCB1
GO_Biological_Process_2023,Positive Regulation Of Telomere Maintenance Via Telomere Lengthening (GO:1904358),0.766908708372707,0.9999942086337028,0,0,0.6925770308123249,0.18380129298733278,RTEL1
GO_Biological_Process_2023,Regulation Of Cell-Cell Adhesion (GO:0022407),0.766908708372707,0.9999942086337028,0,0,0.6925770308123249,0.18380129298733278,WNT1
GO_Biological_Process_2023,Activation Of Protein Kinase Activity (GO:0032147),0.7705040198374944,0.9999942086337028,0,0,0.7131278715605802,0.1859198576769537,PHB2;MT3
GO_Biological_Process_2023,Lymphocyte Differentiation (GO:0030098),0.7705040198374944,0.9999942086337028,0,0,0.7131278715605802,0.1859198576769537,AQP8;NHEJ1
GO_Biological_Process_2023,Negative Regulation Of Angiogenesis (GO:0016525),0.7705040198374944,0.9999942086337028,0,0,0.7131278715605802,0.1859198576769537,HLA-G;EPN1
GO_Biological_Process_2023,Regulation Of Cell Differentiation (GO:0045595),0.7711803064058194,0.9999942086337028,0,0,0.7732516222062005,0.20091634466758487,SMARCB1;PLEKHB1;ALOX15B;CDK5RAP3;ELL3
GO_Biological_Process_2023,DNA Damage Response (GO:0006974),0.7721253099981849,0.9999942086337028,0,0,0.8307234551617306,0.21483208308649354,ALKBH3;ACER2;RTEL1;VCP;TREX1;CDK3;APBB1;WNT1;ATRIP;GTF2H4;OTUB1;MUTYH
GO_Biological_Process_2023,Regulation Of Endothelial Cell Apoptotic Process (GO:2000351),0.7764202704195214,0.9999942086337028,0,0,0.672740524781341,0.17024460509171147,HLA-G
GO_Biological_Process_2023,Cellular Response To Ketone (GO:1901655),0.7764202704195214,0.9999942086337028,0,0,0.672740524781341,0.17024460509171147,SCNN1B
GO_Biological_Process_2023,Double-Strand Break Repair Via Nonhomologous End Joining (GO:0006303),0.7764202704195214,0.9999942086337028,0,0,0.672740524781341,0.17024460509171147,NHEJ1
GO_Biological_Process_2023,Steroid Biosynthetic Process (GO:0006694),0.7764202704195214,0.9999942086337028,0,0,0.672740524781341,0.17024460509171147,CYP51A1
GO_Biological_Process_2023,Maturation Of SSU-rRNA (GO:0030490),0.7764202704195214,0.9999942086337028,0,0,0.672740524781341,0.17024460509171147,PWP2
GO_Biological_Process_2023,Positive Regulation Of T Cell Mediated Immunity (GO:0002711),0.7764202704195214,0.9999942086337028,0,0,0.672740524781341,0.17024460509171147,HLA-G
GO_Biological_Process_2023,Positive Regulation Of Catalytic Activity (GO:0043085),0.7764202704195214,0.9999942086337028,0,0,0.672740524781341,0.17024460509171147,NHEJ1
GO_Biological_Process_2023,Positive Regulation Of Chemotaxis (GO:0050921),0.7764202704195214,0.9999942086337028,0,0,0.672740524781341,0.17024460509171147,P2RY12
GO_Biological_Process_2023,Positive Regulation Of Lymphocyte Differentiation (GO:0045621),0.7764202704195214,0.9999942086337028,0,0,0.672740524781341,0.17024460509171147,SMARCB1
GO_Biological_Process_2023,Positive Regulation Of miRNA Transcription (GO:1902895),0.7764202704195214,0.9999942086337028,0,0,0.672740524781341,0.17024460509171147,FOSL1
GO_Biological_Process_2023,Regulation Of Amide Metabolic Process (GO:0034248),0.7764202704195214,0.9999942086337028,0,0,0.672740524781341,0.17024460509171147,PCIF1
GO_Biological_Process_2023,Regulation Of Cation Channel Activity (GO:2001257),0.7764202704195214,0.9999942086337028,0,0,0.672740524781341,0.17024460509171147,KCNG1
GO_Biological_Process_2023,Regulation Of Interleukin-8 Production (GO:0032677),0.7774714661056532,0.9999942086337028,0,0,0.7024333189249663,0.17680832125681203,TLR9;MAP2K5
GO_Biological_Process_2023,Protein Import Into Nucleus (GO:0006606),0.7774714661056532,0.9999942086337028,0,0,0.7024333189249663,0.17680832125681203,FAM53A;PHB2
GO_Biological_Process_2023,Cellular Response To Molecule Of Bacterial Origin (GO:0071219),0.7791457814444633,0.9999942086337028,0,0,0.7274374582175153,0.1815371908041295,TICAM2;NFKBIL1;LDOC1
GO_Biological_Process_2023,Regulation Of ERK1 And ERK2 Cascade (GO:0070372),0.7823755169766661,0.9999942086337028,0,0,0.7745839066593784,0.19009873322700227,CCL24;SLC9A3R1;CHRNA7;ALOX15;PHB2;MT3
GO_Biological_Process_2023,Regulation Of Protein Ubiquitination (GO:0031396),0.784840544004903,0.9999942086337028,0,0,0.7199623876854496,0.17442867903969392,SQSTM1;HSPBP1;CDK5RAP3
GO_Biological_Process_2023,Neuron Differentiation (GO:0030182),0.784840544004903,0.9999942086337028,0,0,0.7199623876854496,0.17442867903969392,NGRN;BCCIP;WNT1
GO_Biological_Process_2023,Inorganic Cation Transmembrane Transport (GO:0098662),0.7851374779030408,0.9999942086337028,0,0,0.7581197525408749,0.1833864733625778,KCNG1;SLC9A3;AQP8;SCNN1B;ATP6V0C
GO_Biological_Process_2023,Regulation Of MAPK Cascade (GO:0043408),0.7851374779030408,0.9999942086337028,0,0,0.7581197525408749,0.1833864733625778,MYDGF;GDF15;CHRNA7;TLR9;PHB2
GO_Biological_Process_2023,DNA Duplex Unwinding (GO:0032508),0.7855443309761607,0.9999942086337028,0,0,0.6540060468631897,0.15786292418614667,RTEL1
GO_Biological_Process_2023,G2/M Transition Of Mitotic Cell Cycle (GO:0000086),0.7855443309761607,0.9999942086337028,0,0,0.6540060468631897,0.15786292418614667,LCMT1
GO_Biological_Process_2023,Regulation Of Telomere Maintenance (GO:0032204),0.7855443309761607,0.9999942086337028,0,0,0.6540060468631897,0.15786292418614667,RTEL1
GO_Biological_Process_2023,Response To Amyloid-Beta (GO:1904645),0.7855443309761607,0.9999942086337028,0,0,0.6540060468631897,0.15786292418614667,CHRNA7
GO_Biological_Process_2023,Synaptic Vesicle Recycling (GO:0036465),0.7855443309761607,0.9999942086337028,0,0,0.6540060468631897,0.15786292418614667,RAB3A
GO_Biological_Process_2023,Water-Soluble Vitamin Metabolic Process (GO:0006767),0.7855443309761607,0.9999942086337028,0,0,0.6540060468631897,0.15786292418614667,SLC25A32
GO_Biological_Process_2023,mRNA Catabolic Process (GO:0006402),0.7855443309761607,0.9999942086337028,0,0,0.6540060468631897,0.15786292418614667,EXOSC4
GO_Biological_Process_2023,mRNA Transcription By RNA Polymerase II (GO:0042789),0.7855443309761607,0.9999942086337028,0,0,0.6540060468631897,0.15786292418614667,NR1H2
GO_Biological_Process_2023,Negative Regulation Of T Cell Activation (GO:0050868),0.7855443309761607,0.9999942086337028,0,0,0.6540060468631897,0.15786292418614667,HLA-G
GO_Biological_Process_2023,Negative Regulation Of Ubiquitin-Dependent Protein Catabolic Process (GO:2000059),0.7855443309761607,0.9999942086337028,0,0,0.6540060468631897,0.15786292418614667,DDRGK1
GO_Biological_Process_2023,Non-Canonical Wnt Signaling Pathway (GO:0035567),0.7855443309761607,0.9999942086337028,0,0,0.6540060468631897,0.15786292418614667,GPI
GO_Biological_Process_2023,Positive Regulation Of Cell Death (GO:0010942),0.7855443309761607,0.9999942086337028,0,0,0.6540060468631897,0.15786292418614667,MT3
GO_Biological_Process_2023,Positive Regulation Of Cell-Matrix Adhesion (GO:0001954),0.7855443309761607,0.9999942086337028,0,0,0.6540060468631897,0.15786292418614667,CD3E
GO_Biological_Process_2023,RNA Metabolic Process (GO:0016070),0.7904133985056345,0.9999942086337028,0,0,0.7126383286792843,0.16761195135541762,EXOSC5;EXOSC4;RNASE1
GO_Biological_Process_2023,Regulation Of Protein Binding (GO:0043393),0.7904133985056345,0.9999942086337028,0,0,0.7126383286792843,0.16761195135541762,LRPAP1;GTF2F1;PEX14
GO_Biological_Process_2023,Plasma Membrane Bounded Cell Projection Organization (GO:0120036),0.7904133985056345,0.9999942086337028,0,0,0.7126383286792843,0.16761195135541762,SLC9A3R1;L1CAM;PQBP1
GO_Biological_Process_2023,Protein Homooligomerization (GO:0051260),0.7904133985056345,0.9999942086337028,0,0,0.7126383286792843,0.16761195135541762,NLRP6;SIGMAR1;HLA-G
GO_Biological_Process_2023,Regulation Of Vesicle-Mediated Transport (GO:0060627),0.790852699075787,0.9999942086337028,0,0,0.6819741747524874,0.16002084116691492,RAB3A;CD177
GO_Biological_Process_2023,Vesicle-Mediated Transport To The Plasma Membrane (GO:0098876),0.790852699075787,0.9999942086337028,0,0,0.6819741747524874,0.16002084116691492,CCDC22;LLGL1
GO_Biological_Process_2023,Regulation Of Signal Transduction (GO:0009966),0.7940703206340967,0.9999942086337028,0,0,0.7483531105488177,0.1725576973367706,CHRNA7;ALOX15;CD3E;LLGL1;CD177
GO_Biological_Process_2023,DNA-templated DNA Replication Maintenance Of Fidelity (GO:0045005),0.7942966510625827,0.9999942086337028,0,0,0.6362842434271005,0.1465351614848106,RTEL1
GO_Biological_Process_2023,Carboxylic Acid Transport (GO:0046942),0.7942966510625827,0.9999942086337028,0,0,0.6362842434271005,0.1465351614848106,SLC16A13
GO_Biological_Process_2023,Homophilic Cell Adhesion Via Plasma Membrane Adhesion Molecules (GO:0007156),0.7942966510625827,0.9999942086337028,0,0,0.6362842434271005,0.1465351614848106,L1CAM
GO_Biological_Process_2023,Modulation By Host Of Symbiont Process (GO:0051851),0.7942966510625827,0.9999942086337028,0,0,0.6362842434271005,0.1465351614848106,SMARCB1
GO_Biological_Process_2023,Regulation Of JUN Kinase Activity (GO:0043506),0.7942966510625827,0.9999942086337028,0,0,0.6362842434271005,0.1465351614848106,TLR9
GO_Biological_Process_2023,Negative Regulation Of Multicellular Organismal Process (GO:0051241),0.7948267085633032,0.9999942086337028,0,0,0.76185619581846,0.1749459256087318,LRPAP1;PROCR;APOM;GDF15;NR1H2;CYP51A1
GO_Biological_Process_2023,Skeletal System Development (GO:0001501),0.7958658584931388,0.9999942086337028,0,0,0.7054607508532423,0.16107406267453914,DDRGK1;ZBTB16;WNT1
GO_Biological_Process_2023,Positive Regulation Of Macromolecule Metabolic Process (GO:0010604),0.7963907277123118,0.9999942086337028,0,0,0.7911468423091825,0.180116722448645,DDRGK1;NR1H2;CHRNA7;NOS1AP;TLR9;CD3E;MT3;MAP2K5;LGALS9B
GO_Biological_Process_2023,DNA Replication (GO:0006260),0.79727359589099,0.9999942086337028,0,0,0.6721830128985155,0.15228802021776952,TREX1;WDR18
GO_Biological_Process_2023,Negative Regulation Of Apoptotic Signaling Pathway (GO:2001234),0.79727359589099,0.9999942086337028,0,0,0.6721830128985155,0.15228802021776952,PIH1D1;GRINA
GO_Biological_Process_2023,Positive Regulation Of Plasma Membrane Bounded Cell Projection Assembly (GO:0120034),0.79727359589099,0.9999942086337028,0,0,0.6721830128985155,0.15228802021776952,P2RY12;WNT1
GO_Biological_Process_2023,Proteolysis Involved In Protein Catabolic Process (GO:0051603),0.79727359589099,0.9999942086337028,0,0,0.6721830128985155,0.15228802021776952,PSMA6;VCP
GO_Biological_Process_2023,Positive Regulation Of Protein Serine/Threonine Kinase Activity (GO:0071902),0.801199473589363,0.9999942086337028,0,0,0.6984253032811814,0.15480270837552512,EPGN;PIH1D1;MAP2K5
GO_Biological_Process_2023,DNA Integrity Checkpoint Signaling (GO:0031570),0.80269235161865,0.9999942086337028,0,0,0.6194951664876477,0.1361549783607061,ATRIP
GO_Biological_Process_2023,Regulation Of Interleukin-10 Production (GO:0032653),0.80269235161865,0.9999942086337028,0,0,0.6194951664876477,0.1361549783607061,TLR9
GO_Biological_Process_2023,Amide Biosynthetic Process (GO:0043604),0.80269235161865,0.9999942086337028,0,0,0.6194951664876477,0.1361549783607061,SMPD2
GO_Biological_Process_2023,Regulation Of Mitotic Spindle Organization (GO:0060236),0.80269235161865,0.9999942086337028,0,0,0.6194951664876477,0.1361549783607061,DRG1
GO_Biological_Process_2023,Regulation Of Protein Modification Process (GO:0031399),0.80269235161865,0.9999942086337028,0,0,0.6194951664876477,0.1361549783607061,ACER2
GO_Biological_Process_2023,Cell Cycle G2/M Phase Transition (GO:0044839),0.80269235161865,0.9999942086337028,0,0,0.6194951664876477,0.1361549783607061,LCMT1
GO_Biological_Process_2023,Regulation Of Receptor Signaling Pathway Via JAK-STAT (GO:0046425),0.80269235161865,0.9999942086337028,0,0,0.6194951664876477,0.1361549783607061,GPI
GO_Biological_Process_2023,Cellular Response To Amino Acid Starvation (GO:0034198),0.80269235161865,0.9999942086337028,0,0,0.6194951664876477,0.1361549783607061,RNF167
GO_Biological_Process_2023,Defense Response To Gram-negative Bacterium (GO:0050829),0.80269235161865,0.9999942086337028,0,0,0.6194951664876477,0.1361549783607061,TLR9
GO_Biological_Process_2023,Epidermal Growth Factor Receptor Signaling Pathway (GO:0007173),0.80269235161865,0.9999942086337028,0,0,0.6194951664876477,0.1361549783607061,EPGN
GO_Biological_Process_2023,Memory (GO:0007613),0.80269235161865,0.9999942086337028,0,0,0.6194951664876477,0.1361549783607061,CHRNA7
GO_Biological_Process_2023,Negative Regulation Of Cold-Induced Thermogenesis (GO:0120163),0.80269235161865,0.9999942086337028,0,0,0.6194951664876477,0.1361549783607061,NR1H2
GO_Biological_Process_2023,Neurogenesis (GO:0022008),0.80269235161865,0.9999942086337028,0,0,0.6194951664876477,0.1361549783607061,RITA1
GO_Biological_Process_2023,Positive Regulation Of Cell-Cell Adhesion (GO:0022409),0.80269235161865,0.9999942086337028,0,0,0.6194951664876477,0.1361549783607061,CD3E
GO_Biological_Process_2023,protein-DNA Complex Assembly (GO:0065004),0.80269235161865,0.9999942086337028,0,0,0.6194951664876477,0.1361549783607061,SSRP1
GO_Biological_Process_2023,Calcium-Mediated Signaling (GO:0019722),0.8035194449568649,0.9999942086337028,0,0,0.6626676584207116,0.14496113056008836,P2RY12;PTGDR2
GO_Biological_Process_2023,Negative Regulation Of Cell Cycle (GO:0045786),0.8035194449568649,0.9999942086337028,0,0,0.6626676584207116,0.14496113056008836,RNF167;SLC9A3R1
GO_Biological_Process_2023,Positive Regulation Of Protein Localization To Membrane (GO:1905477),0.8035194449568649,0.9999942086337028,0,0,0.6626676584207116,0.14496113056008836,CLIP3;SQSTM1
GO_Biological_Process_2023,Positive Regulation Of Protein Ubiquitination (GO:0031398),0.8035194449568649,0.9999942086337028,0,0,0.6626676584207116,0.14496113056008836,HSPBP1;CDK5RAP3
GO_Biological_Process_2023,Regulation Of Protein Catabolic Process (GO:0042176),0.8064158254968962,0.9999942086337028,0,0,0.6915278056615137,0.14878618850359368,VCP;CYP51A1;CDK5RAP3
GO_Biological_Process_2023,Mitochondrion Organization (GO:0007005),0.8095388494598592,0.9999942086337028,0,0,0.7121471121471121,0.15046993014916354,OXA1L;TIMM23;PHB2;TIMM50
GO_Biological_Process_2023,Regulation Of Endothelial Cell Proliferation (GO:0001936),0.8095938284047463,0.9999942086337028,0,0,0.6534166193450691,0.13801635950551855,MYDGF;CCL24
GO_Biological_Process_2023,Regulation Of Protein Localization (GO:0032880),0.8095938284047463,0.9999942086337028,0,0,0.6534166193450691,0.13801635950551855,VCP;TRIM34
GO_Biological_Process_2023,Integrin-Mediated Signaling Pathway (GO:0007229),0.8095938284047463,0.9999942086337028,0,0,0.6534166193450691,0.13801635950551855,NME2;MADCAM1
GO_Biological_Process_2023,Monocarboxylic Acid Metabolic Process (GO:0032787),0.8095938284047463,0.9999942086337028,0,0,0.6534166193450691,0.13801635950551855,ECHDC3;ME3
GO_Biological_Process_2023,Positive Regulation Of Cell Adhesion (GO:0045785),0.8095938284047463,0.9999942086337028,0,0,0.6534166193450691,0.13801635950551855,P2RY12;ALOX15
GO_Biological_Process_2023,Negative Regulation Of Apoptotic Process (GO:0043066),0.810394356811919,0.9999942086337028,0,0,0.8061710023515579,0.1694847879207028,MTRNR2L12;NME2;VSTM2L;MTRNR2L8;MTRNR2L1;PHB2;MT3;MYDGF;KRT18;DDRGK1;WNT1;MAP2K5;GRINA
GO_Biological_Process_2023,Central Nervous System Development (GO:0007417),0.8105688652795568,0.9999942086337028,0,0,0.7455144436276512,0.15657217929882317,ADORA2A;ZBTB16;MAL;S100B;CDK5RAP3;NHEJ1
GO_Biological_Process_2023,Regulation Of Cytokine Production Involved In Inflammatory Response (GO:1900015),0.8107459396632385,0.9999942086337028,0,0,0.6035670678527821,0.12662869792753959,TICAM2
GO_Biological_Process_2023,Regulation Of Exocytosis (GO:0017157),0.8107459396632385,0.9999942086337028,0,0,0.6035670678527821,0.12662869792753959,RAB3A
GO_Biological_Process_2023,Regulation Of Wound Healing (GO:0061041),0.8107459396632385,0.9999942086337028,0,0,0.6035670678527821,0.12662869792753959,MMRN1
GO_Biological_Process_2023,Replication Fork Processing (GO:0031297),0.8107459396632385,0.9999942086337028,0,0,0.6035670678527821,0.12662869792753959,RTEL1
GO_Biological_Process_2023,Erythrocyte Differentiation (GO:0030218),0.8107459396632385,0.9999942086337028,0,0,0.6035670678527821,0.12662869792753959,CDK5RAP3
GO_Biological_Process_2023,Mitotic Spindle Assembly (GO:0090307),0.8107459396632385,0.9999942086337028,0,0,0.6035670678527821,0.12662869792753959,BCCIP
GO_Biological_Process_2023,Myelination (GO:0042552),0.8107459396632385,0.9999942086337028,0,0,0.6035670678527821,0.12662869792753959,MAL
GO_Biological_Process_2023,Negative Regulation Of I-kappaB kinase/NF-kappaB Signaling (GO:0043124),0.8107459396632385,0.9999942086337028,0,0,0.6035670678527821,0.12662869792753959,CCDC22
GO_Biological_Process_2023,Regulation Of T Cell Differentiation (GO:0045580),0.8107459396632385,0.9999942086337028,0,0,0.6035670678527821,0.12662869792753959,SMARCB1
GO_Biological_Process_2023,Regulation Of Apoptotic Signaling Pathway (GO:2001233),0.8107459396632385,0.9999942086337028,0,0,0.6035670678527821,0.12662869792753959,GRINA
GO_Biological_Process_2023,Macromolecule Biosynthetic Process (GO:0009059),0.8151303050348034,0.9999942086337028,0,0,0.724991544055471,0.14819356044941884,RPLP0;MRPS18A;GAL3ST2;MRPL24;TUFM
GO_Biological_Process_2023,Regulation Of Cyclin-Dependent Protein Serine/Threonine Kinase Activity (GO:0000079),0.815500327533991,0.9999942086337028,0,0,0.6444190333947866,0.13143148851251457,BCCIP;CDK5RAP3
GO_Biological_Process_2023,Cellular Response To Oxidative Stress (GO:0034599),0.8165032071186221,0.9999942086337028,0,0,0.6781307429771594,0.13747367423098297,SQSTM1;MT3;PEX14
GO_Biological_Process_2023,Autophagosome Maturation (GO:0097352),0.8184713331174,0.9999942086337028,0,0,0.5884353741496599,0.1178735538041913,VCP
GO_Biological_Process_2023,Regulation Of Pathway-Restricted SMAD Protein Phosphorylation (GO:0060393),0.8184713331174,0.9999942086337028,0,0,0.5884353741496599,0.1178735538041913,GDF15
GO_Biological_Process_2023,Mitotic G2/M Transition Checkpoint (GO:0044818),0.8184713331174,0.9999942086337028,0,0,0.5884353741496599,0.1178735538041913,CDK5RAP3
GO_Biological_Process_2023,Negative Regulation Of TOR Signaling (GO:0032007),0.8184713331174,0.9999942086337028,0,0,0.5884353741496599,0.1178735538041913,RNF167
GO_Biological_Process_2023,Negative Regulation Of Cell Projection Organization (GO:0031345),0.8184713331174,0.9999942086337028,0,0,0.5884353741496599,0.1178735538041913,MT3
GO_Biological_Process_2023,Positive Regulation Of miRNA Metabolic Process (GO:2000630),0.8184713331174,0.9999942086337028,0,0,0.5884353741496599,0.1178735538041913,FOSL1
GO_Biological_Process_2023,Regulation Of Cell Death (GO:0010941),0.8184713331174,0.9999942086337028,0,0,0.5884353741496599,0.1178735538041913,CHRNA7
GO_Biological_Process_2023,Regulation Of Epithelial Cell Proliferation (GO:0050678),0.8212425164459801,0.9999942086337028,0,0,0.6356646254431604,0.12518577095064948,EPGN;NME2
GO_Biological_Process_2023,Establishment Of Protein Localization To Organelle (GO:0072594),0.8212425164459801,0.9999942086337028,0,0,0.6356646254431604,0.12518577095064948,FAM53A;PHB2
GO_Biological_Process_2023,Negative Regulation Of Protein Kinase Activity (GO:0006469),0.8212425164459801,0.9999942086337028,0,0,0.6356646254431604,0.12518577095064948,DBNDD2;CDK5RAP3
GO_Biological_Process_2023,Positive Regulation Of Protein Localization (GO:1903829),0.8212425164459801,0.9999942086337028,0,0,0.6356646254431604,0.12518577095064948,DDRGK1;CDK5RAP3
GO_Biological_Process_2023,Cellular Response To Lipopolysaccharide (GO:0071222),0.8213775308594438,0.9999942086337028,0,0,0.6716235982447587,0.13215700916554565,TICAM2;NFKBIL1;LDOC1
GO_Biological_Process_2023,Cellular Response To Starvation (GO:0009267),0.8213775308594438,0.9999942086337028,0,0,0.6716235982447587,0.13215700916554565,CLEC16A;MAP1LC3B2;GABARAP
GO_Biological_Process_2023,Endocytosis (GO:0006897),0.8230575164581316,0.9999942086337028,0,0,0.7160457734714334,0.13943501662636099,TICAM2;ADORA2A;TOM1;RABEPK;EPN1
GO_Biological_Process_2023,Regulation Of Endopeptidase Activity (GO:0052548),0.8258818843720532,0.9999942086337028,0,0,0.5740418118466899,0.10981621510866513,TIMP4
GO_Biological_Process_2023,Regulation Of Myoblast Differentiation (GO:0045661),0.8258818843720532,0.9999942086337028,0,0,0.5740418118466899,0.10981621510866513,SMARCB1
GO_Biological_Process_2023,Negative Regulation Of ERK1 And ERK2 Cascade (GO:0070373),0.8258818843720532,0.9999942086337028,0,0,0.5740418118466899,0.10981621510866513,SLC9A3R1
GO_Biological_Process_2023,Negative Regulation Of Neuron Projection Development (GO:0010977),0.8258818843720532,0.9999942086337028,0,0,0.5740418118466899,0.10981621510866513,MT3
GO_Biological_Process_2023,Nuclear Export (GO:0051168),0.8258818843720532,0.9999942086337028,0,0,0.5740418118466899,0.10981621510866513,RITA1
GO_Biological_Process_2023,Positive Regulation Of Ras Protein Signal Transduction (GO:0046579),0.8258818843720532,0.9999942086337028,0,0,0.5740418118466899,0.10981621510866513,GPR174
GO_Biological_Process_2023,Positive Regulation Of Fat Cell Differentiation (GO:0045600),0.8258818843720532,0.9999942086337028,0,0,0.5740418118466899,0.10981621510866513,ZBTB16
GO_Biological_Process_2023,Regulation Of B Cell Proliferation (GO:0030888),0.8258818843720532,0.9999942086337028,0,0,0.5740418118466899,0.10981621510866513,TLR9
GO_Biological_Process_2023,Regulation Of Tumor Necrosis Factor Production (GO:0032680),0.8261411733217789,0.9999942086337028,0,0,0.6652392298280636,0.1270537797664173,NFKBIL1;CHRNA7;TLR9
GO_Biological_Process_2023,Positive Regulation Of DNA Repair (GO:0045739),0.8268239571997059,0.9999942086337028,0,0,0.6271436683702442,0.11925981979341269,SMARCB1;XRCC1
GO_Biological_Process_2023,Protein Localization To Nucleus (GO:0034504),0.8307958281783511,0.9999942086337028,0,0,0.6589741954004656,0.12215484293478218,RRP7A;FAM53A;PHB2
GO_Biological_Process_2023,T Cell Differentiation (GO:0030217),0.8329904036566664,0.9999942086337028,0,0,0.5603336572724328,0.10239153822375652,NHEJ1
GO_Biological_Process_2023,Regulation Of Smoothened Signaling Pathway (GO:0008589),0.8329904036566664,0.9999942086337028,0,0,0.5603336572724328,0.10239153822375652,VCP
GO_Biological_Process_2023,Endoplasmic Reticulum Organization (GO:0007029),0.8329904036566664,0.9999942086337028,0,0,0.5603336572724328,0.10239153822375652,GET4
GO_Biological_Process_2023,Positive Regulation Of Nucleocytoplasmic Transport (GO:0046824),0.8329904036566664,0.9999942086337028,0,0,0.5603336572724328,0.10239153822375652,EMD
GO_Biological_Process_2023,Nervous System Development (GO:0007399),0.8342062467303883,0.9999942086337028,0,0,0.7564516129032258,0.13712547032519765,RBFOX1;ADORA2A;ZBTB16;RITA1;MAL;L1CAM;S100B;GFRA2;NHEJ1
GO_Biological_Process_2023,Intracellular Monoatomic Cation Homeostasis (GO:0030003),0.8351544756961227,0.9999942086337028,0,0,0.6808869069738634,0.12265399403189584,SCNN1B;CHRNA7;CCDC22;MT3
GO_Biological_Process_2023,"Regulation Of mRNA Splicing, Via Spliceosome (GO:0048024)",0.8375187511755012,0.9999942086337028,0,0,0.6107657249054183,0.1082958638309674,RBFOX1;PUF60
GO_Biological_Process_2023,Sphingolipid Metabolic Process (GO:0006665),0.8375187511755012,0.9999942086337028,0,0,0.6107657249054183,0.1082958638309674,ACER2;SMPD2
GO_Biological_Process_2023,Positive Regulation Of Amide Metabolic Process (GO:0034250),0.8375187511755012,0.9999942086337028,0,0,0.6107657249054183,0.1082958638309674,CHRNA7;PCIF1
GO_Biological_Process_2023,Protein Deubiquitination (GO:0016579),0.8375187511755012,0.9999942086337028,0,0,0.6107657249054183,0.1082958638309674,USP2;OTUB1
GO_Biological_Process_2023,B Cell Receptor Signaling Pathway (GO:0050853),0.83980918079265,0.9999942086337028,0,0,0.5472630912830249,0.09554150716303297,LIME1
GO_Biological_Process_2023,RNA Polymerase II Preinitiation Complex Assembly (GO:0051123),0.83980918079265,0.9999942086337028,0,0,0.5472630912830249,0.09554150716303297,MED27
GO_Biological_Process_2023,Regulation Of Mitochondrion Organization (GO:0010821),0.83980918079265,0.9999942086337028,0,0,0.5472630912830249,0.09554150716303297,SQSTM1
GO_Biological_Process_2023,Regulation Of Proteolysis (GO:0030162),0.83980918079265,0.9999942086337028,0,0,0.5472630912830249,0.09554150716303297,CST3
GO_Biological_Process_2023,Sodium Ion Transport (GO:0006814),0.83980918079265,0.9999942086337028,0,0,0.5472630912830249,0.09554150716303297,SCNN1B
GO_Biological_Process_2023,ERAD Pathway (GO:0036503),0.8426391246388089,0.9999942086337028,0,0,0.602891713624252,0.10322500744958693,VCP;GET4
GO_Biological_Process_2023,Synapse Organization (GO:0050808),0.8426391246388089,0.9999942086337028,0,0,0.602891713624252,0.10322500744958693,CHRNA7;L1CAM
GO_Biological_Process_2023,Vesicle Organization (GO:0016050),0.8426391246388089,0.9999942086337028,0,0,0.602891713624252,0.10322500744958693,TRAPPC5;SQSTM1
GO_Biological_Process_2023,Negative Regulation Of Amide Metabolic Process (GO:0034249),0.8426391246388089,0.9999942086337028,0,0,0.602891713624252,0.10322500744958693,CHRNA7;PCIF1
GO_Biological_Process_2023,Positive Regulation Of Cold-Induced Thermogenesis (GO:0120162),0.8426391246388089,0.9999942086337028,0,0,0.602891713624252,0.10322500744958693,BSCL2;HSF1
GO_Biological_Process_2023,Regulation Of Intrinsic Apoptotic Signaling Pathway (GO:2001242),0.8463500062903832,0.9999942086337028,0,0,0.5347866419294991,0.08921433008330627,SLC9A3R1
GO_Biological_Process_2023,Negative Regulation Of MAP Kinase Activity (GO:0043407),0.8463500062903832,0.9999942086337028,0,0,0.5347866419294991,0.08921433008330627,CDK5RAP3
GO_Biological_Process_2023,Negative Regulation Of Metabolic Process (GO:0009892),0.8463500062903832,0.9999942086337028,0,0,0.5347866419294991,0.08921433008330627,NR1H2
GO_Biological_Process_2023,Positive Regulation Of Transport (GO:0051050),0.8463500062903832,0.9999942086337028,0,0,0.5347866419294991,0.08921433008330627,CLIP3
GO_Biological_Process_2023,Ribosomal Small Subunit Biogenesis (GO:0042274),0.8476127824654214,0.9999942086337028,0,0,0.5952170444008367,0.09840805054457673,RRP7A;PWP2
GO_Biological_Process_2023,ERBB Signaling Pathway (GO:0038127),0.8526241917509394,0.9999942086337028,0,0,0.52286470143613,0.08336366618675783,EPGN
GO_Biological_Process_2023,Cytoplasmic Microtubule Organization (GO:0031122),0.8526241917509394,0.9999942086337028,0,0,0.52286470143613,0.08336366618675783,CLIP3
GO_Biological_Process_2023,Response To Organic Cyclic Compound (GO:0014070),0.8526241917509394,0.9999942086337028,0,0,0.52286470143613,0.08336366618675783,ADORA2A
GO_Biological_Process_2023,Fatty Acid Beta-Oxidation (GO:0006635),0.8526241917509394,0.9999942086337028,0,0,0.52286470143613,0.08336366618675783,MCAT
GO_Biological_Process_2023,Myeloid Cell Differentiation (GO:0030099),0.8526241917509394,0.9999942086337028,0,0,0.52286470143613,0.08336366618675783,ZBTB16
GO_Biological_Process_2023,Negative Regulation Of Cytokine Production (GO:0001818),0.8542451762934397,0.9999942086337028,0,0,0.6568405953021338,0.10347671966630174,TLR9;GPATCH3;MAP2K5;LGALS9B
GO_Biological_Process_2023,DNA Metabolic Process (GO:0006259),0.8559521706957532,0.9999942086337028,0,0,0.7241409100273127,0.11263344179952607,ALKBH3;RTEL1;VCP;SMARCB1;TREX1;ATRIP;GTF2H4;MUTYH
GO_Biological_Process_2023,Negative Regulation Of Response To External Stimulus (GO:0032102),0.8565312678843752,0.9999942086337028,0,0,0.6237125857017729,0.09659090985216441,MMRN1;NFKBIL1;TREX1
GO_Biological_Process_2023,Anterograde Trans-Synaptic Signaling (GO:0098916),0.8571336542548603,0.9999942086337028,0,0,0.5804361999705554,0.08948086682616112,DLGAP1;GABARAP
GO_Biological_Process_2023,Positive Regulation Of Cell Growth (GO:0030307),0.8571336542548603,0.9999942086337028,0,0,0.5804361999705554,0.08948086682616112,EXOSC4;L1CAM
GO_Biological_Process_2023,Positive Regulation Of Protein Catabolic Process (GO:0045732),0.8571336542548603,0.9999942086337028,0,0,0.5804361999705554,0.08948086682616112,VCP;DDRGK1
GO_Biological_Process_2023,RNA Modification (GO:0009451),0.8586425890669335,0.9999942086337028,0,0,0.5114611061816031,0.07794796223231372,APOBEC3F
GO_Biological_Process_2023,Rho Protein Signal Transduction (GO:0007266),0.8586425890669335,0.9999942086337028,0,0,0.5114611061816031,0.07794796223231372,RTKN
GO_Biological_Process_2023,Regulation Of Macromolecule Biosynthetic Process (GO:0010556),0.8586425890669335,0.9999942086337028,0,0,0.5114611061816031,0.07794796223231372,PCIF1
GO_Biological_Process_2023,Cellular Response To Calcium Ion (GO:0071277),0.8586425890669335,0.9999942086337028,0,0,0.5114611061816031,0.07794796223231372,ALOX15
GO_Biological_Process_2023,Cellular Response To Ionizing Radiation (GO:0071479),0.8586425890669335,0.9999942086337028,0,0,0.5114611061816031,0.07794796223231372,HSF1
GO_Biological_Process_2023,Transcription Preinitiation Complex Assembly (GO:0070897),0.8586425890669335,0.9999942086337028,0,0,0.5114611061816031,0.07794796223231372,MED27
GO_Biological_Process_2023,Negative Regulation Of Protein Modification By Small Protein Conjugation Or Removal (GO:1903321),0.8586425890669335,0.9999942086337028,0,0,0.5114611061816031,0.07794796223231372,SQSTM1
GO_Biological_Process_2023,Nucleocytoplasmic Transport (GO:0006913),0.8586425890669335,0.9999942086337028,0,0,0.5114611061816031,0.07794796223231372,RITA1
GO_Biological_Process_2023,Positive Regulation Of B Cell Activation (GO:0050871),0.8586425890669335,0.9999942086337028,0,0,0.5114611061816031,0.07794796223231372,TLR9
GO_Biological_Process_2023,Post-Translational Protein Modification (GO:0043687),0.8586425890669335,0.9999942086337028,0,0,0.5114611061816031,0.07794796223231372,FN3K
GO_Biological_Process_2023,Protein Complex Oligomerization (GO:0051259),0.8616876269011278,0.9999942086337028,0,0,0.5733161590559688,0.08534525137532811,OXA1L;NLRP6
GO_Biological_Process_2023,Regulation Of Protein Localization To Nucleus (GO:1900180),0.8644156093234855,0.9999942086337028,0,0,0.5005427702996093,0.07292988076220087,CDK5RAP3
GO_Biological_Process_2023,Cell Cycle G1/S Phase Transition (GO:0044843),0.8644156093234855,0.9999942086337028,0,0,0.5005427702996093,0.07292988076220087,CDK3
GO_Biological_Process_2023,Negative Regulation Of Cytokine-Mediated Signaling Pathway (GO:0001960),0.8644156093234855,0.9999942086337028,0,0,0.5005427702996093,0.07292988076220087,NR1H2
GO_Biological_Process_2023,Negative Regulation Of Innate Immune Response (GO:0045824),0.8644156093234855,0.9999942086337028,0,0,0.5005427702996093,0.07292988076220087,TREX1
GO_Biological_Process_2023,Negative Regulation Of Protein Ubiquitination (GO:0031397),0.8644156093234855,0.9999942086337028,0,0,0.5005427702996093,0.07292988076220087,SQSTM1
GO_Biological_Process_2023,Pattern Recognition Receptor Signaling Pathway (GO:0002221),0.8644156093234855,0.9999942086337028,0,0,0.5005427702996093,0.07292988076220087,TLR9
GO_Biological_Process_2023,Golgi Vesicle Transport (GO:0048193),0.8650116505048817,0.9999942086337028,0,0,0.6666407222914073,0.0966711066458449,NAPA;RAB43;TRAPPC5;MIA2;ARF5
GO_Biological_Process_2023,T Cell Receptor Signaling Pathway (GO:0050852),0.8661083961336848,0.9999942086337028,0,0,0.566367685392336,0.08141264159475066,RNF31;CD3E
GO_Biological_Process_2023,Cellular Response To Organonitrogen Compound (GO:0071417),0.8661083961336848,0.9999942086337028,0,0,0.566367685392336,0.08141264159475066,P2RY12;AQP8
GO_Biological_Process_2023,Regulation Of Stem Cell Population Maintenance (GO:2000036),0.8699532404387883,0.9999942086337028,0,0,0.49007936507936506,0.06827580635674188,SMARCB1
GO_Biological_Process_2023,Sensory Perception Of Mechanical Stimulus (GO:0050954),0.8699532404387883,0.9999942086337028,0,0,0.49007936507936506,0.06827580635674188,NDUFB9
GO_Biological_Process_2023,Metaphase Plate Congression (GO:0051310),0.8699532404387883,0.9999942086337028,0,0,0.49007936507936506,0.06827580635674188,NUDC
GO_Biological_Process_2023,Mitotic Metaphase Plate Congression (GO:0007080),0.8699532404387883,0.9999942086337028,0,0,0.49007936507936506,0.06827580635674188,NUDC
GO_Biological_Process_2023,Cell-Cell Junction Organization (GO:0045216),0.8752650645240537,0.9999942086337028,0,0,0.48004303762321254,0.06395541749312114,CD177
GO_Biological_Process_2023,Cellular Response To Peptide (GO:1901653),0.8752650645240537,0.9999942086337028,0,0,0.48004303762321254,0.06395541749312114,LDOC1
GO_Biological_Process_2023,Sensory Perception Of Sound (GO:0007605),0.8752650645240537,0.9999942086337028,0,0,0.48004303762321254,0.06395541749312114,NDUFB9
GO_Biological_Process_2023,Glucose Metabolic Process (GO:0006006),0.8752650645240537,0.9999942086337028,0,0,0.48004303762321254,0.06395541749312114,GPI
GO_Biological_Process_2023,Negative Regulation Of Cell Death (GO:0060548),0.8752650645240537,0.9999942086337028,0,0,0.48004303762321254,0.06395541749312114,MT3
GO_Biological_Process_2023,Protein K63-linked Ubiquitination (GO:0070534),0.8752650645240537,0.9999942086337028,0,0,0.48004303762321254,0.06395541749312114,RNF167
GO_Biological_Process_2023,protein-DNA Complex Organization (GO:0071824),0.8752650645240537,0.9999942086337028,0,0,0.48004303762321254,0.06395541749312114,HMGN4
GO_Biological_Process_2023,Regulation Of Cold-Induced Thermogenesis (GO:0120161),0.8752970922577028,0.9999942086337028,0,0,0.5970671602938624,0.07952451920611009,BSCL2;NR1H2;HSF1
GO_Biological_Process_2023,Cellular Response To Organic Cyclic Compound (GO:0071407),0.8752970922577028,0.9999942086337028,0,0,0.5970671602938624,0.07952451920611009,P2RY12;AQP8;GPBAR1
GO_Biological_Process_2023,Dephosphorylation (GO:0016311),0.8752970922577028,0.9999942086337028,0,0,0.5970671602938624,0.07952451920611009,THTPA;PPP5C;TIMM50
GO_Biological_Process_2023,Positive Regulation Of Metabolic Process (GO:0009893),0.8786040071811989,0.9999942086337028,0,0,0.5464918188661305,0.07072751035551436,BSCL2;HSF1
GO_Biological_Process_2023,Antigen Receptor-Mediated Signaling Pathway (GO:0050851),0.8787786265326137,0.9999942086337028,0,0,0.5920067685777383,0.07650045254950272,RNF31;CD3E;LIME1
GO_Biological_Process_2023,Regulation Of Multicellular Organismal Development (GO:2000026),0.8803602741594624,0.9999942086337028,0,0,0.4704081632653061,0.059941314651471275,ALOX15B
GO_Biological_Process_2023,Membrane Lipid Biosynthetic Process (GO:0046467),0.8803602741594624,0.9999942086337028,0,0,0.4704081632653061,0.059941314651471275,ACER2
GO_Biological_Process_2023,Mitotic DNA Damage Checkpoint Signaling (GO:0044773),0.8803602741594624,0.9999942086337028,0,0,0.4704081632653061,0.059941314651471275,CDK5RAP3
GO_Biological_Process_2023,Positive Regulation Of Interleukin-8 Production (GO:0032757),0.8803602741594624,0.9999942086337028,0,0,0.4704081632653061,0.059941314651471275,TLR9
GO_Biological_Process_2023,Positive Regulation Of Telomere Maintenance (GO:0032206),0.8803602741594624,0.9999942086337028,0,0,0.4704081632653061,0.059941314651471275,RTEL1
GO_Biological_Process_2023,Positive Regulation Of Transcription Initiation By RNA Polymerase II (GO:0060261),0.8803602741594624,0.9999942086337028,0,0,0.4704081632653061,0.059941314651471275,MED27
GO_Biological_Process_2023,Post-Transcriptional Regulation Of Gene Expression (GO:0010608),0.8803602741594624,0.9999942086337028,0,0,0.4704081632653061,0.059941314651471275,PCIF1
GO_Biological_Process_2023,Regulation Of Protein Phosphorylation (GO:0001932),0.8808312241508166,0.9999942086337028,0,0,0.6667100225179453,0.08459833101753565,CLIP3;MYDGF;SLC9A3R1;CHRNA7;MT3;CDK5RAP3
GO_Biological_Process_2023,Negative Regulation Of MAPK Cascade (GO:0043409),0.8825242529672156,0.9999942086337028,0,0,0.5401711410053065,0.06750465187743875,SLC9A3R1;CDK5RAP3
GO_Biological_Process_2023,Positive Regulation Of Protein Modification Process (GO:0031401),0.8826468058337418,0.9999942086337028,0,0,0.6443813036278789,0.08043821594259898,CLIP3;MYDGF;CHRNA7;NOS1AP;MT3
GO_Biological_Process_2023,Monoatomic Cation Transmembrane Transport (GO:0098655),0.883888963249382,0.9999942086337028,0,0,0.6175438596491228,0.07621962922636515,KCNG1;SLC9A3;SCNN1B;ATP6V0C
GO_Biological_Process_2023,Regulation Of Cellular Localization (GO:0060341),0.885247688516073,0.9999942086337028,0,0,0.46115112711751366,0.05620869593784186,TRIM34
GO_Biological_Process_2023,Regulation Of miRNA Transcription (GO:1902893),0.885247688516073,0.9999942086337028,0,0,0.46115112711751366,0.05620869593784186,FOSL1
GO_Biological_Process_2023,Regulation Of Neuron Differentiation (GO:0045664),0.885247688516073,0.9999942086337028,0,0,0.46115112711751366,0.05620869593784186,CDK5RAP3
GO_Biological_Process_2023,Canonical Wnt Signaling Pathway (GO:0060070),0.885247688516073,0.9999942086337028,0,0,0.46115112711751366,0.05620869593784186,WNT1
GO_Biological_Process_2023,Response To Metal Ion (GO:0010038),0.885247688516073,0.9999942086337028,0,0,0.46115112711751366,0.05620869593784186,PPP5C
GO_Biological_Process_2023,Endocytic Recycling (GO:0032456),0.885247688516073,0.9999942086337028,0,0,0.46115112711751366,0.05620869593784186,CCDC22
GO_Biological_Process_2023,Glycosaminoglycan Biosynthetic Process (GO:0006024),0.885247688516073,0.9999942086337028,0,0,0.46115112711751366,0.05620869593784186,CHST5
GO_Biological_Process_2023,Negative Regulation Of Cellular Response To Growth Factor Stimulus (GO:0090288),0.885247688516073,0.9999942086337028,0,0,0.46115112711751366,0.05620869593784186,WNT1
GO_Biological_Process_2023,Regulation Of BMP Signaling Pathway (GO:0030510),0.885247688516073,0.9999942086337028,0,0,0.46115112711751366,0.05620869593784186,WNT1
GO_Biological_Process_2023,Cytoplasmic Translation (GO:0002181),0.8863272013030467,0.9999942086337028,0,0,0.5339941149140468,0.06443658650494997,EIF3I;RPLP0
GO_Biological_Process_2023,Kidney Development (GO:0001822),0.8899357679585199,0.9999942086337028,0,0,0.4522501308215594,0.052735074093469614,ZBTB16
GO_Biological_Process_2023,Negative Regulation Of Kinase Activity (GO:0033673),0.8899357679585199,0.9999942086337028,0,0,0.4522501308215594,0.052735074093469614,DBNDD2
GO_Biological_Process_2023,Regulation Of G Protein-Coupled Receptor Signaling Pathway (GO:0008277),0.8899357679585199,0.9999942086337028,0,0,0.4522501308215594,0.052735074093469614,LRPAP1
GO_Biological_Process_2023,T Cell Activation (GO:0042110),0.8900158852563703,0.9999942086337028,0,0,0.5279558983978715,0.061515292464184274,CD3E;NHEJ1
GO_Biological_Process_2023,Inflammatory Response (GO:0006954),0.8907017993590571,0.9999942086337028,0,0,0.6337930396149575,0.07335874828359784,CCL24;LTB4R2;NLRP6;ADORA2A;ALOX15
GO_Biological_Process_2023,Regulation Of Autophagy (GO:0010506),0.8909164470050361,0.9999942086337028,0,0,0.654114643583709,0.07555327008981212,ACER2;MTMR8;SNX32;ATP6V0C;SQSTM1;TRIM34
GO_Biological_Process_2023,Negative Regulation Of Translation (GO:0017148),0.8935932857397324,0.9999942086337028,0,0,0.5220518644709445,0.05873320746589352,PCIF1;EIF4EBP3
GO_Biological_Process_2023,Positive Regulation Of Inflammatory Response (GO:0050729),0.8935932857397324,0.9999942086337028,0,0,0.5220518644709445,0.05873320746589352,NLRP6;TLR9
GO_Biological_Process_2023,Positive Regulation Of Stress-Activated MAPK Cascade (GO:0032874),0.8935932857397324,0.9999942086337028,0,0,0.5220518644709445,0.05873320746589352,TLR9;RELL1
GO_Biological_Process_2023,Cellular Response To Type II Interferon (GO:0071346),0.8944326293175413,0.9999942086337028,0,0,0.4436850211782826,0.04950002794923184,CCL24
GO_Biological_Process_2023,Negative Regulation Of Viral Process (GO:0048525),0.8944326293175413,0.9999942086337028,0,0,0.4436850211782826,0.04950002794923184,APOBEC3F
GO_Biological_Process_2023,Nucleotide-Excision Repair (GO:0006289),0.8944326293175413,0.9999942086337028,0,0,0.4436850211782826,0.04950002794923184,GTF2H4
GO_Biological_Process_2023,Peptidyl-Threonine Phosphorylation (GO:0018107),0.8944326293175413,0.9999942086337028,0,0,0.4436850211782826,0.04950002794923184,GPI
GO_Biological_Process_2023,Hemopoiesis (GO:0030097),0.8970623307428301,0.9999942086337028,0,0,0.5162775895314226,0.05608319909796797,ZBTB16;FLT3LG
GO_Biological_Process_2023,Neuron Projection Guidance (GO:0097485),0.8970623307428301,0.9999942086337028,0,0,0.5162775895314226,0.05608319909796797,TUBB3;L1CAM
GO_Biological_Process_2023,Positive Regulation Of Vasculature Development (GO:1904018),0.8970623307428301,0.9999942086337028,0,0,0.5162775895314226,0.05608319909796797,MYDGF;CHRNA7
GO_Biological_Process_2023,Antimicrobial Humoral Response (GO:0019730),0.8987460591219636,0.9999942086337028,0,0,0.4354371378180902,0.04648498487855275,IGKV3-20
GO_Biological_Process_2023,Establishment Of Protein Localization To Membrane (GO:0090150),0.8987460591219636,0.9999942086337028,0,0,0.4354371378180902,0.04648498487855275,ZDHHC1
GO_Biological_Process_2023,Protein Lipidation (GO:0006497),0.8987460591219636,0.9999942086337028,0,0,0.4354371378180902,0.04648498487855275,ZDHHC1
GO_Biological_Process_2023,Response To Lipid (GO:0033993),0.9004258947765195,0.9999942086337028,0,0,0.5106288423079772,0.053558537338954125,ACER2;OVCA2
GO_Biological_Process_2023,Regulation Of Transcription Initiation By RNA Polymerase II (GO:0060260),0.9028835276507685,0.9999942086337028,0,0,0.4274891774891775,0.04367302865323713,MED27
GO_Biological_Process_2023,Cellular Response To Organic Substance (GO:0071310),0.9028835276507685,0.9999942086337028,0,0,0.4274891774891775,0.04367302865323713,CLEC3B
GO_Biological_Process_2023,Embryonic Organ Development (GO:0048568),0.9028835276507685,0.9999942086337028,0,0,0.4274891774891775,0.04367302865323713,FLT3LG
GO_Biological_Process_2023,Telomere Organization (GO:0032200),0.9028835276507685,0.9999942086337028,0,0,0.4274891774891775,0.04367302865323713,RTEL1
GO_Biological_Process_2023,Regulation Of Cell-Matrix Adhesion (GO:0001952),0.9028835276507685,0.9999942086337028,0,0,0.4274891774891775,0.04367302865323713,CD3E
GO_Biological_Process_2023,Positive Regulation Of Autophagy (GO:0010508),0.9036867984845729,0.9999942086337028,0,0,0.5051015735194446,0.051152869038118845,SQSTM1;TRIM34
GO_Biological_Process_2023,Positive Regulation Of Translation (GO:0045727),0.9068478080624451,0.9999942086337028,0,0,0.4996919061944978,0.04886019439604542,NGRN;PCIF1
GO_Biological_Process_2023,Regulation Of Insulin Secretion (GO:0050796),0.9068522012034406,0.9999942086337028,0,0,0.4198250728862974,0.04104873052039588,MYRIP
GO_Biological_Process_2023,Mitotic Cytokinesis (GO:0000281),0.9068522012034406,0.9999942086337028,0,0,0.4198250728862974,0.04104873052039588,RTKN
GO_Biological_Process_2023,Neutrophil Chemotaxis (GO:0030593),0.9068522012034406,0.9999942086337028,0,0,0.4198250728862974,0.04104873052039588,CCL24
GO_Biological_Process_2023,Positive Regulation Of Apoptotic Signaling Pathway (GO:2001235),0.9068522012034406,0.9999942086337028,0,0,0.4198250728862974,0.04104873052039588,SLC9A3R1
GO_Biological_Process_2023,Endomembrane System Organization (GO:0010256),0.9081460410475019,0.9999942086337028,0,0,0.5826405478579392,0.05613746057497081,RAB43;SLC9A3R1;SYNGR2;SQSTM1
GO_Biological_Process_2023,RNA Methylation (GO:0001510),0.9106589548810345,0.9999942086337028,0,0,0.4124298842343955,0.03859799939231393,PCIF1
GO_Biological_Process_2023,Negative Regulation Of Autophagy (GO:0010507),0.9106589548810345,0.9999942086337028,0,0,0.4124298842343955,0.03859799939231393,MTMR8
GO_Biological_Process_2023,Negative Regulation Of Extrinsic Apoptotic Signaling Pathway (GO:2001237),0.9106589548810345,0.9999942086337028,0,0,0.4124298842343955,0.03859799939231393,MAP2K5
GO_Biological_Process_2023,Organic Substance Transport (GO:0071702),0.9117291288603888,0.9999942086337028,0,0,0.5414807035967446,0.050039499345502024,AQP8;CHRNA7;TOM1
GO_Biological_Process_2023,Enzyme-Linked Receptor Protein Signaling Pathway (GO:0007167),0.9128809359362189,0.9999942086337028,0,0,0.4892106757524134,0.044591463373431645,CD3E;GFRA2
GO_Biological_Process_2023,G1/S Transition Of Mitotic Cell Cycle (GO:0000082),0.9143103840620093,0.9999942086337028,0,0,0.40528970208773163,0.03630794948944218,CDK3
GO_Biological_Process_2023,Regulation Of Translational Initiation (GO:0006446),0.9143103840620093,0.9999942086337028,0,0,0.40528970208773163,0.03630794948944218,EIF4EBP3
GO_Biological_Process_2023,Response To Molecule Of Bacterial Origin (GO:0002237),0.9143103840620093,0.9999942086337028,0,0,0.40528970208773163,0.03630794948944218,TLR9
GO_Biological_Process_2023,Negative Regulation Of Blood Vessel Morphogenesis (GO:2000181),0.9143103840620093,0.9999942086337028,0,0,0.40528970208773163,0.03630794948944218,HLA-G
GO_Biological_Process_2023,Organic Anion Transport (GO:0015711),0.9143103840620093,0.9999942086337028,0,0,0.40528970208773163,0.03630794948944218,SLC9A3R1
GO_Biological_Process_2023,Positive Regulation Of T Cell Proliferation (GO:0042102),0.9143103840620093,0.9999942086337028,0,0,0.40528970208773163,0.03630794948944218,CD3E
GO_Biological_Process_2023,Positive Regulation Of Phosphatidylinositol 3-Kinase Signaling (GO:0014068),0.9143103840620093,0.9999942086337028,0,0,0.40528970208773163,0.03630794948944218,MYDGF
GO_Biological_Process_2023,Positive Regulation Of Response To Stimulus (GO:0048584),0.9143103840620093,0.9999942086337028,0,0,0.40528970208773163,0.03630794948944218,ECHDC3
GO_Biological_Process_2023,Purine Ribonucleotide Metabolic Process (GO:0009150),0.9143103840620093,0.9999942086337028,0,0,0.40528970208773163,0.03630794948944218,SULT1A2
GO_Biological_Process_2023,Regulation Of Cellular Catabolic Process (GO:0031329),0.9143103840620093,0.9999942086337028,0,0,0.40528970208773163,0.03630794948944218,ACER2
GO_Biological_Process_2023,Glycerophospholipid Biosynthetic Process (GO:0046474),0.9157583129933244,0.9999942086337028,0,0,0.48413214141449623,0.0426049838046624,LIPC;ALOX15
GO_Biological_Process_2023,Regulation Of G1/S Transition Of Mitotic Cell Cycle (GO:2000045),0.9157583129933244,0.9999942086337028,0,0,0.48413214141449623,0.0426049838046624,SMARCB1;TM4SF5
GO_Biological_Process_2023,Cellular Response To Growth Factor Stimulus (GO:0071363),0.9167650800695036,0.9999942086337028,0,0,0.5331988830282346,0.04633712782176383,CLEC3B;EMD;MAP2K5
GO_Biological_Process_2023,Negative Regulation Of Cell Differentiation (GO:0045596),0.9174043718952506,0.9999942086337028,0,0,0.5683501683501684,0.048995723918766734,CHADL;NR1H2;ZBTB16;WNT1
GO_Biological_Process_2023,Regulation Of Double-Strand Break Repair Via Homologous Recombination (GO:0010569),0.9178128160364949,0.9999942086337028,0,0,0.398391560013836,0.03416678257131565,RTEL1
GO_Biological_Process_2023,Activation Of Cysteine-Type Endopeptidase Activity Involved In Apoptotic Process (GO:0006919),0.9178128160364949,0.9999942086337028,0,0,0.398391560013836,0.03416678257131565,VCP
GO_Biological_Process_2023,Regulation Of Viral Genome Replication (GO:0045069),0.9178128160364949,0.9999942086337028,0,0,0.398391560013836,0.03416678257131565,APOBEC3F
GO_Biological_Process_2023,Granulocyte Chemotaxis (GO:0071621),0.9178128160364949,0.9999942086337028,0,0,0.398391560013836,0.03416678257131565,CCL24
GO_Biological_Process_2023,Positive Regulation Of Cellular Component Organization (GO:0051130),0.9185463133203109,0.9999942086337028,0,0,0.4791572506344957,0.040710614879756545,CLIP3;VCP
GO_Biological_Process_2023,Adenylate Cyclase-Activating G Protein-Coupled Receptor Signaling Pathway (GO:0007189),0.9211723206233193,0.9999942086337028,0,0,0.39172335600907027,0.03216368343240177,ADORA2A
GO_Biological_Process_2023,Telomere Maintenance (GO:0000723),0.9211723206233193,0.9999942086337028,0,0,0.39172335600907027,0.03216368343240177,RTEL1
GO_Biological_Process_2023,Vascular Transport (GO:0010232),0.9211723206233193,0.9999942086337028,0,0,0.39172335600907027,0.03216368343240177,SLC9A3R1
GO_Biological_Process_2023,Negative Regulation Of Cell Adhesion (GO:0007162),0.9211723206233193,0.9999942086337028,0,0,0.39172335600907027,0.03216368343240177,WNT1
GO_Biological_Process_2023,Positive Regulation Of Mitotic Cell Cycle Phase Transition (GO:1901992),0.9211723206233193,0.9999942086337028,0,0,0.39172335600907027,0.03216368343240177,PHB2
GO_Biological_Process_2023,Positive Regulation Of Protein Transport (GO:0051222),0.9211723206233193,0.9999942086337028,0,0,0.39172335600907027,0.03216368343240177,APBB1
GO_Biological_Process_2023,Transmembrane Receptor Protein Serine/Threonine Kinase Signaling Pathway (GO:0007178),0.9212474294771912,0.9999942086337028,0,0,0.4742828626985356,0.03890382287247585,GPI;GDF15
GO_Biological_Process_2023,Vesicle-Mediated Transport (GO:0016192),0.9235422732804563,0.9999942086337028,0,0,0.6696161250253624,0.053260399643839086,RAB43;NAPA;RPH3AL;RAB3A;TOM1;CLEC16A;MIA2;SQSTM1;ARF5;EPN1
GO_Biological_Process_2023,Response To Lipopolysaccharide (GO:0032496),0.9238296297472881,0.9999942086337028,0,0,0.5212362533181646,0.0412963014133496,TICAM2;NFKBIL1;LDOC1
GO_Biological_Process_2023,Regulation Of Cellular Component Organization (GO:0051128),0.9238296297472881,0.9999942086337028,0,0,0.5212362533181646,0.0412963014133496,ALKBH4;SSRP1;CD177
GO_Biological_Process_2023,Regulation Of Hydrolase Activity (GO:0051336),0.9243947210269478,0.9999942086337028,0,0,0.38527378164380505,0.030288726498816525,CDK5RAP3
GO_Biological_Process_2023,Cellular Response To Hypoxia (GO:0071456),0.9243947210269478,0.9999942086337028,0,0,0.38527378164380505,0.030288726498816525,MT3
GO_Biological_Process_2023,Regulation Of Canonical Wnt Signaling Pathway (GO:0060828),0.9258201549368799,0.9999942086337028,0,0,0.5547362565114045,0.042756452479468625,INVS;SLC9A3R1;VCP;EMD
GO_Biological_Process_2023,Cellular Component Assembly (GO:0022607),0.926069890167336,0.9999942086337028,0,0,0.5826603284945138,0.044751559719308956,SLC9A3R1;HSF1;CD3E;LLGL1;PEX14
GO_Biological_Process_2023,Regulation Of Protein Kinase Activity (GO:0045859),0.9263987078418208,0.9999942086337028,0,0,0.4648236544267715,0.03553603192713797,SLC9A3R1;DBNDD2
GO_Biological_Process_2023,Endoplasmic Reticulum To Golgi Vesicle-Mediated Transport (GO:0006888),0.9263987078418208,0.9999942086337028,0,0,0.4648236544267715,0.03553603192713797,TRAPPC5;MIA2
GO_Biological_Process_2023,Mitotic Cell Cycle Phase Transition (GO:0044772),0.9263987078418208,0.9999942086337028,0,0,0.4648236544267715,0.03553603192713797,CDK3;LCMT1
GO_Biological_Process_2023,Positive Regulation Of Angiogenesis (GO:0045766),0.9263987078418208,0.9999942086337028,0,0,0.4648236544267715,0.03553603192713797,MYDGF;CHRNA7
GO_Biological_Process_2023,Regulation Of Cilium Assembly (GO:1902017),0.9274856033609216,0.9999942086337028,0,0,0.3790322580645161,0.02853279282565205,TBC1D8
GO_Biological_Process_2023,Cellular Response To Decreased Oxygen Levels (GO:0036294),0.9274856033609216,0.9999942086337028,0,0,0.3790322580645161,0.02853279282565205,MT3
GO_Biological_Process_2023,Cytoskeleton-Dependent Cytokinesis (GO:0061640),0.9274856033609216,0.9999942086337028,0,0,0.3790322580645161,0.02853279282565205,RTKN
GO_Biological_Process_2023,tRNA Modification (GO:0006400),0.9274856033609216,0.9999942086337028,0,0,0.3790322580645161,0.02853279282565205,URM1
GO_Biological_Process_2023,Transport Across Blood-Brain Barrier (GO:0150104),0.9274856033609216,0.9999942086337028,0,0,0.3790322580645161,0.02853279282565205,SLC9A3R1
GO_Biological_Process_2023,Myeloid Leukocyte Differentiation (GO:0002573),0.9274856033609216,0.9999942086337028,0,0,0.3790322580645161,0.02853279282565205,PIR
GO_Biological_Process_2023,Regulation Of TOR Signaling (GO:0032006),0.9274856033609216,0.9999942086337028,0,0,0.3790322580645161,0.02853279282565205,PIH1D1
GO_Biological_Process_2023,Generation Of Neurons (GO:0048699),0.9288535843911181,0.9999942086337028,0,0,0.4602331562948859,0.033967120674390755,NGRN;WNT1
GO_Biological_Process_2023,Peptide Biosynthetic Process (GO:0043043),0.9303416165869559,0.9999942086337028,0,0,0.5097937379433151,0.036808856788338146,RPLP0;MRPS18A;MRPL24
GO_Biological_Process_2023,Wnt Signaling Pathway (GO:0016055),0.930450326547244,0.9999942086337028,0,0,0.3729888780909189,0.026887495560662222,WNT1
GO_Biological_Process_2023,Response To Ionizing Radiation (GO:0010212),0.930450326547244,0.9999942086337028,0,0,0.3729888780909189,0.026887495560662222,NHEJ1
GO_Biological_Process_2023,Mitotic Sister Chromatid Segregation (GO:0000070),0.9312310062476438,0.9999942086337028,0,0,0.4557317940490564,0.032469935783016324,NUDC;BCCIP
GO_Biological_Process_2023,Regulation Of Immune Response (GO:0050776),0.9332940316108701,0.9999942086337028,0,0,0.3671343537414966,0.025345113267862287,HLA-G
GO_Biological_Process_2023,Glycoprotein Biosynthetic Process (GO:0009101),0.9332940316108701,0.9999942086337028,0,0,0.3671343537414966,0.025345113267862287,GAL3ST2
GO_Biological_Process_2023,Positive Regulation Of Endocytosis (GO:0045807),0.9332940316108701,0.9999942086337028,0,0,0.3671343537414966,0.025345113267862287,CLIP3
GO_Biological_Process_2023,Cellular Response To Lipid (GO:0071396),0.9352515741249063,0.9999942086337028,0,0,0.538599076530111,0.0360536728020822,TICAM2;NFKBIL1;GPBAR1;LDOC1
GO_Biological_Process_2023,Response To Type II Interferon (GO:0034341),0.9360216503326114,0.9999942086337028,0,0,0.36145996860282575,0.02389853021228814,CCL24
GO_Biological_Process_2023,Negative Regulation Of Phosphorylation (GO:0042326),0.9360216503326114,0.9999942086337028,0,0,0.36145996860282575,0.02389853021228814,CDK5RAP3
GO_Biological_Process_2023,Positive Regulation Of Growth (GO:0045927),0.9360216503326114,0.9999942086337028,0,0,0.36145996860282575,0.02389853021228814,EXOSC4
GO_Biological_Process_2023,Positive Regulation Of Interleukin-6 Production (GO:0032755),0.9360216503326114,0.9999942086337028,0,0,0.36145996860282575,0.02389853021228814,TLR9
GO_Biological_Process_2023,Regulation Of Plasma Membrane Bounded Cell Projection Assembly (GO:0120032),0.9386379139133283,0.9999942086337028,0,0,0.3559575345289631,0.022541182561566137,TBC1D8
GO_Biological_Process_2023,Calcium Ion Homeostasis (GO:0055074),0.9386379139133283,0.9999942086337028,0,0,0.3559575345289631,0.022541182561566137,CHRNA7
GO_Biological_Process_2023,Regulation Of Stress Fiber Assembly (GO:0051492),0.9386379139133283,0.9999942086337028,0,0,0.3559575345289631,0.022541182561566137,ARHGEF18
GO_Biological_Process_2023,Cellular Response To Nutrient Levels (GO:0031669),0.9386379139133283,0.9999942086337028,0,0,0.3559575345289631,0.022541182561566137,CLEC16A
GO_Biological_Process_2023,Cellular Response To Peptide Hormone Stimulus (GO:0071375),0.9386379139133283,0.9999942086337028,0,0,0.3559575345289631,0.022541182561566137,SCNN1B
GO_Biological_Process_2023,Ubiquitin-Dependent ERAD Pathway (GO:0030433),0.9386379139133283,0.9999942086337028,0,0,0.3559575345289631,0.022541182561566137,VCP
GO_Biological_Process_2023,Positive Regulation Of Protein Localization To Nucleus (GO:1900182),0.9386379139133283,0.9999942086337028,0,0,0.3559575345289631,0.022541182561566137,CDK5RAP3
GO_Biological_Process_2023,Negative Regulation Of Growth (GO:0045926),0.9400098468035168,0.9999942086337028,0,0,0.43856772118645415,0.027131960691707174,ALOX15B;MT3
GO_Biological_Process_2023,Non-Membrane-Bounded Organelle Assembly (GO:0140694),0.9400098468035168,0.9999942086337028,0,0,0.43856772118645415,0.027131960691707174,BSCL2;HAUS4
GO_Biological_Process_2023,Protein Dephosphorylation (GO:0006470),0.9400098468035168,0.9999942086337028,0,0,0.43856772118645415,0.027131960691707174,PPP5C;TIMM50
GO_Biological_Process_2023,DNA-templated DNA Replication (GO:0006261),0.9411473608819546,0.9999942086337028,0,0,0.3506193522184993,0.021267010125482665,WDR18
GO_Biological_Process_2023,Negative Regulation Of Protein Modification Process (GO:0031400),0.9411473608819546,0.9999942086337028,0,0,0.3506193522184993,0.021267010125482665,CDK5RAP3
GO_Biological_Process_2023,Positive Regulation Of JNK Cascade (GO:0046330),0.9411473608819546,0.9999942086337028,0,0,0.3506193522184993,0.021267010125482665,TLR9
GO_Biological_Process_2023,Positive Regulation Of Macromolecule Biosynthetic Process (GO:0010557),0.9420323184194695,0.9999942086337028,0,0,0.4344753612215282,0.02594499889144593,PCIF1;TLR9
GO_Biological_Process_2023,Cellular Response To Interleukin-1 (GO:0071347),0.943554345302271,0.9999942086337028,0,0,0.34543817527010806,0.0200704126309182,CCL24
GO_Biological_Process_2023,Epigenetic Regulation Of Gene Expression (GO:0040029),0.943554345302271,0.9999942086337028,0,0,0.34543817527010806,0.0200704126309182,SMARCB1
GO_Biological_Process_2023,Wound Healing (GO:0042060),0.943554345302271,0.9999942086337028,0,0,0.34543817527010806,0.0200704126309182,RAB3A
GO_Biological_Process_2023,Positive Regulation Of Cytoskeleton Organization (GO:0051495),0.943554345302271,0.9999942086337028,0,0,0.34543817527010806,0.0200704126309182,CCL24
GO_Biological_Process_2023,Axon Guidance (GO:0007411),0.9439899067603156,0.9999942086337028,0,0,0.43045809043027056,0.024811520343564986,TUBB3;L1CAM
GO_Biological_Process_2023,Protein-Containing Complex Assembly (GO:0065003),0.9444303849476231,0.9999942086337028,0,0,0.5950328022492971,0.03401998919655148,SLC9A3R1;PIH1D1;HSF1;TRAPPC5;CD3E;LLGL1;PEX14
GO_Biological_Process_2023,Positive Regulation Of Transmembrane Receptor Protein Serine/Threonine Kinase Signaling Pathway (GO:0090100),0.9458630440031365,0.9999942086337028,0,0,0.3404071773636991,0.018946210497046718,GDF15
GO_Biological_Process_2023,Positive Regulation Of Tumor Necrosis Factor Production (GO:0032760),0.9458630440031365,0.9999942086337028,0,0,0.3404071773636991,0.018946210497046718,TLR9
GO_Biological_Process_2023,Response To Interleukin-1 (GO:0070555),0.9480774635657877,0.9999942086337028,0,0,0.33551992225461613,0.017889609363254847,CCL24
GO_Biological_Process_2023,Positive Regulation Of Cellular Biosynthetic Process (GO:0031328),0.9485245992044293,0.9999942086337028,0,0,0.47500230606032656,0.02510271053939963,NR1H2;PCIF1;NOS1AP
GO_Biological_Process_2023,Double-Strand Break Repair (GO:0006302),0.9500769001442959,0.9999942086337028,0,0,0.4717800123691504,0.024160963184065364,VCP;PPP5C;NHEJ1
GO_Biological_Process_2023,Regulation Of Organelle Assembly (GO:1902115),0.9502014478962002,0.9999942086337028,0,0,0.3307703363035355,0.01689616768248017,TBC1D8
GO_Biological_Process_2023,Vesicle Fusion (GO:0006906),0.9502014478962002,0.9999942086337028,0,0,0.3307703363035355,0.01689616768248017,TOM1
GO_Biological_Process_2023,Positive Regulation Of Phosphorylation (GO:0042327),0.9509261799498102,0.9999942086337028,0,0,0.5089557785209959,0.025610065942119245,CLIP3;MYDGF;CHRNA7;MT3
GO_Biological_Process_2023,Neuron Development (GO:0048666),0.9512090912074629,0.9999942086337028,0,0,0.4151000286442237,0.020763874623687915,L1CAM;PQBP1
GO_Biological_Process_2023,Regulation Of Kinase Activity (GO:0043549),0.9522386842463952,0.9999942086337028,0,0,0.3261526832955404,0.015961767792200817,SLC9A3R1
GO_Biological_Process_2023,Negative Regulation Of Protein Serine/Threonine Kinase Activity (GO:0071901),0.9522386842463952,0.9999942086337028,0,0,0.3261526832955404,0.015961767792200817,CDK5RAP3
GO_Biological_Process_2023,Positive Regulation Of Double-Strand Break Repair (GO:2000781),0.9522386842463952,0.9999942086337028,0,0,0.3261526832955404,0.015961767792200817,SMARCB1
GO_Biological_Process_2023,Positive Regulation Of Endothelial Cell Migration (GO:0010595),0.9522386842463952,0.9999942086337028,0,0,0.3261526832955404,0.015961767792200817,GPI
GO_Biological_Process_2023,Protein O-linked Glycosylation (GO:0006493),0.9522386842463952,0.9999942086337028,0,0,0.3261526832955404,0.015961767792200817,GALNT4
GO_Biological_Process_2023,Positive Regulation Of Tumor Necrosis Factor Superfamily Cytokine Production (GO:1903557),0.9541927096879684,0.9999942086337028,0,0,0.3216615413288603,0.015082589424279064,TLR9
GO_Biological_Process_2023,Regulation Of Apoptotic Process (GO:0042981),0.9543209936821517,0.9999942086337028,0,0,0.6852146986462411,0.032037345319045105,VCP;RTKN;ACTN2;SIGMAR1;NME2;CD3E;MT3;PHB2;ACER2;CLIP3;MYDGF;KRT18;DDRGK1;APBB1;WNT1;SQSTM1;LCMT1
GO_Biological_Process_2023,Nitrogen Compound Transport (GO:0071705),0.9544770219310783,0.9999942086337028,0,0,0.40782164284127104,0.019001107517246284,AQP8;TOM1
GO_Biological_Process_2023,Protein Localization To Organelle (GO:0033365),0.9560315103991909,0.9999942086337028,0,0,0.4042765669975915,0.018178055616060118,DDRGK1;GET4
GO_Biological_Process_2023,Regulation Of Cysteine-Type Endopeptidase Activity Involved In Apoptotic Process (GO:0043281),0.9560669175445653,0.9999942086337028,0,0,0.3172917815774959,0.014255085569965707,MAP2K5
GO_Biological_Process_2023,Regulation Of Endothelial Cell Migration (GO:0010594),0.9560669175445653,0.9999942086337028,0,0,0.3172917815774959,0.014255085569965707,GPI
GO_Biological_Process_2023,Positive Regulation Of Canonical Wnt Signaling Pathway (GO:0090263),0.9560669175445653,0.9999942086337028,0,0,0.3172917815774959,0.014255085569965707,VCP
GO_Biological_Process_2023,Positive Regulation Of Cell Population Proliferation (GO:0008284),0.9564777671406035,0.9999942086337028,0,0,0.6186006239606383,0.02752632623013297,FOSL1;EPGN;DDRGK1;CHRNA7;TNFSF13;NME2;TBC1D8;FLT3LG;WNT1;S100B
GO_Biological_Process_2023,Regulation Of DNA Repair (GO:0006282),0.9575351579250859,0.9999942086337028,0,0,0.40079209074098343,0.01739150712363026,SMARCB1;ATRIP
GO_Biological_Process_2023,Regulation Of Epithelial To Mesenchymal Transition (GO:0010717),0.9578645627192213,0.9999942086337028,0,0,0.3130385487528345,0.013475960810697962,ELL3
GO_Biological_Process_2023,Response To Calcium Ion (GO:0051592),0.9578645627192213,0.9999942086337028,0,0,0.3130385487528345,0.013475960810697962,ALOX15
GO_Biological_Process_2023,External Encapsulating Structure Organization (GO:0045229),0.959588767855881,0.9999942086337028,0,0,0.30889724310776945,0.012742151243342128,COL9A3
GO_Biological_Process_2023,"Retrograde Transport, Endosome To Golgi (GO:0042147)",0.9612425282304241,0.9999942086337028,0,0,0.3048635038430957,0.012050806512654746,RAB43
GO_Biological_Process_2023,Positive Regulation Of Intracellular Protein Transport (GO:0090316),0.9617563858927932,0.9999942086337028,0,0,0.39068710959682,0.01523449124519087,RNF31;EMD
GO_Biological_Process_2023,Extracellular Structure Organization (GO:0043062),0.9628287173132389,0.9999942086337028,0,0,0.3009331937903367,0.011399273137885132,COL9A3
GO_Biological_Process_2023,Regulation Of Inflammatory Response (GO:0050727),0.9630467721473763,0.9999942086337028,0,0,0.4823684906159133,0.01816276508029115,PSMA6;NLRP6;ALOX15;TLR9
GO_Biological_Process_2023,Negative Regulation Of Macromolecule Metabolic Process (GO:0010605),0.9633711109087162,0.9999942086337028,0,0,0.4417863352437375,0.016485951515506827,DDRGK1;CD3E;ZNF410
GO_Biological_Process_2023,Negative Regulation Of Macromolecule Biosynthetic Process (GO:0010558),0.9643500914469301,0.9999942086337028,0,0,0.2971023852579006,0.010785079490407343,PCIF1
GO_Biological_Process_2023,Calcium Ion Transport (GO:0006816),0.9658092947400219,0.9999942086337028,0,0,0.29336734693877553,0.010205921930934583,CHRNA7
GO_Biological_Process_2023,Peptidyl-Lysine Modification (GO:0018205),0.9658092947400219,0.9999942086337028,0,0,0.29336734693877553,0.010205921930934583,LIPT2
GO_Biological_Process_2023,Positive Regulation Of Multicellular Organismal Process (GO:0051240),0.9661366498268823,0.9999942086337028,0,0,0.5519643354694901,0.019015168777012266,BSCL2;LRPAP1;SMARCB1;ZBTB16;HSF1;NME2;HLA-G
GO_Biological_Process_2023,Positive Regulation Of Cytokine Production (GO:0001819),0.9662107985572587,0.9999942086337028,0,0,0.5307968189614845,0.018245212079837522,MYDGF;TICAM2;TLR9;HLA-G;ALOX15B;PQBP1
GO_Biological_Process_2023,Apoptotic Process (GO:0006915),0.9670667741883794,0.9999942086337028,0,0,0.4724855391522058,0.015822469570927478,ADORA2A;ZBTB16;MAL;ALOX15B
GO_Biological_Process_2023,Protein Polyubiquitination (GO:0000209),0.96892054189515,0.9999942086337028,0,0,0.4676923076923077,0.014766295155042195,RNF31;RNF167;UBE2L6;TRIM34
GO_Biological_Process_2023,Cellular Response To Chemical Stress (GO:0062197),0.9698387320325061,0.9999942086337028,0,0,0.28270223752151463,0.00865789085703461,MT3
GO_Biological_Process_2023,Negative Regulation Of Protein Phosphorylation (GO:0001933),0.9700971392381255,0.9999942086337028,0,0,0.3689653784759018,0.011201445366891665,DBNDD2;CDK5RAP3
GO_Biological_Process_2023,Ubiquitin-Dependent Protein Catabolic Process (GO:0006511),0.9702392330456598,0.9999942086337028,0,0,0.5601608493174758,0.01692391897406254,PSMA6;RNF167;VCP;UBE2L6;PSMF1;SQSTM1;UBL7;GET4
GO_Biological_Process_2023,Negative Regulation Of Transmembrane Receptor Protein Serine/Threonine Kinase Signaling Pathway (GO:0090101),0.9710736043413986,0.9999942086337028,0,0,0.279316488500162,0.008198779944451102,WNT1
GO_Biological_Process_2023,Positive Regulation Of Cellular Component Biogenesis (GO:0044089),0.9710736043413986,0.9999942086337028,0,0,0.279316488500162,0.008198779944451102,VCP
GO_Biological_Process_2023,Positive Regulation Of Cellular Catabolic Process (GO:0031331),0.9711352762732793,0.9999942086337028,0,0,0.36605621805792166,0.0107216050425729,SQSTM1;TRIM34
GO_Biological_Process_2023,Regulation Of Neuron Projection Development (GO:0010975),0.972138632587151,0.9999942086337028,0,0,0.36319216090223577,0.010262669525570261,MBOAT1;MT3
GO_Biological_Process_2023,Positive Regulation Of Epithelial Cell Migration (GO:0010634),0.972257996081685,0.9999942086337028,0,0,0.27601040416166467,0.007765299253535478,GPI
GO_Biological_Process_2023,Protein Modification By Small Protein Removal (GO:0070646),0.972257996081685,0.9999942086337028,0,0,0.27601040416166467,0.007765299253535478,USP2
GO_Biological_Process_2023,Regulation Of RNA Metabolic Process (GO:0051252),0.972257996081685,0.9999942086337028,0,0,0.27601040416166467,0.007765299253535478,PQBP1
GO_Biological_Process_2023,Regulation Of Angiogenesis (GO:0045765),0.9732817699428639,0.9999942086337028,0,0,0.4153422057071309,0.011248152194226238,MYDGF;CHRNA7;HLA-G
GO_Biological_Process_2023,Activation Of GTPase Activity (GO:0090630),0.973393967473545,0.9999942086337028,0,0,0.272781205505458,0.007355921365916319,TBC1D8
GO_Biological_Process_2023,Negative Regulation Of Developmental Process (GO:0051093),0.9744834948434842,0.9999942086337028,0,0,0.2696262413011182,0.006969217450219991,CST3
GO_Biological_Process_2023,Protein Processing (GO:0016485),0.9755284739498281,0.9999942086337028,0,0,0.2665429808286951,0.006603850305002222,RCE1
GO_Biological_Process_2023,Positive Regulation Of Cellular Process (GO:0048522),0.9756893345333688,0.9999942086337028,0,0,0.5999888186951418,0.014766353628458285,FOSL1;EPGN;SMARCB1;EXOSC4;DDRGK1;CHRNA7;TNFSF13;TBC1D8;FLT3LG;ECHDC3;WNT1;S100B
GO_Biological_Process_2023,Response To Tumor Necrosis Factor (GO:0034612),0.9765307231824579,0.9999942086337028,0,0,0.2635290071084614,0.006258567942932306,CCL24
GO_Biological_Process_2023,Positive Regulation Of Protein-Containing Complex Assembly (GO:0031334),0.9765307231824579,0.9999942086337028,0,0,0.2635290071084614,0.006258567942932306,VCP
GO_Biological_Process_2023,Protein Maturation (GO:0051604),0.9784139387845032,0.9999942086337028,0,0,0.25769978320998727,0.005623640170651957,LIPT2
GO_Biological_Process_2023,Negative Regulation Of Programmed Cell Death (GO:0043069),0.9798467712777171,0.9999942086337028,0,0,0.5146021008813295,0.010476822963286317,MYDGF;KRT18;DDRGK1;NME2;WNT1;PHB2;MT3
GO_Biological_Process_2023,Intracellular Calcium Ion Homeostasis (GO:0006874),0.9801462606848662,0.9999942086337028,0,0,0.2521212786189745,0.0050559072173904955,CHRNA7
GO_Biological_Process_2023,Negative Regulation Of Defense Response (GO:0031348),0.9801462606848662,0.9999942086337028,0,0,0.2521212786189745,0.0050559072173904955,TREX1
GO_Biological_Process_2023,Regulation Of Cell Motility (GO:2000145),0.9801462606848662,0.9999942086337028,0,0,0.2521212786189745,0.0050559072173904955,TMSB4Y
GO_Biological_Process_2023,Regulation Of Interleukin-6 Production (GO:0032675),0.9809596474419147,0.9999942086337028,0,0,0.24942104501375018,0.004794858787989127,TLR9
GO_Biological_Process_2023,Positive Regulation Of DNA Metabolic Process (GO:0051054),0.9809596474419147,0.9999942086337028,0,0,0.24942104501375018,0.004794858787989127,RTEL1
GO_Biological_Process_2023,Regulation Of RNA Splicing (GO:0043484),0.981739760438799,0.9999942086337028,0,0,0.24677765843179378,0.004547869288693678,PQBP1
GO_Biological_Process_2023,Chromatin Organization (GO:0006325),0.9822699792175045,0.9999942086337028,0,0,0.42652304570112787,0.007630105096820845,HMGN4;SMARCB1;PIH1D1;SSRP1
GO_Biological_Process_2023,Neuron Projection Development (GO:0031175),0.9824784175468232,0.9999942086337028,0,0,0.329630251697579,0.0058268417720040355,L1CAM;PQBP1
GO_Biological_Process_2023,Lysosomal Transport (GO:0007041),0.9824879584560929,0.9999942086337028,0,0,0.2441893424036281,0.0043141398349842,CLEC16A
GO_Biological_Process_2023,Positive Regulation Of Cysteine-Type Endopeptidase Activity Involved In Apoptotic Process (GO:0043280),0.9824879584560929,0.9999942086337028,0,0,0.2441893424036281,0.0043141398349842,VCP
GO_Biological_Process_2023,Regulation Of JNK Cascade (GO:0046328),0.9824879584560929,0.9999942086337028,0,0,0.2441893424036281,0.0043141398349842,TLR9
GO_Biological_Process_2023,Regulation Of Cellular Response To Stress (GO:0080135),0.9832055451513179,0.9999942086337028,0,0,0.2416543937162494,0.00409292000281291,HSF1
GO_Biological_Process_2023,Regulation Of Cytoskeleton Organization (GO:0051493),0.9832055451513179,0.9999942086337028,0,0,0.2416543937162494,0.00409292000281291,IQCJ-SCHIP1
GO_Biological_Process_2023,Cytoskeleton Organization (GO:0007010),0.9832055451513179,0.9999942086337028,0,0,0.2416543937162494,0.00409292000281291,CCL24
GO_Biological_Process_2023,Positive Regulation Of Cell Cycle Process (GO:0090068),0.9832055451513179,0.9999942086337028,0,0,0.2416543937162494,0.00409292000281291,EPGN
GO_Biological_Process_2023,Positive Regulation Of Protein Phosphorylation (GO:0001934),0.9833152931575425,0.9999942086337028,0,0,0.4805927392972715,0.008086196038513313,CLIP3;MYDGF;GDF15;DDRGK1;CHRNA7;MT3
GO_Biological_Process_2023,Cellular Response To Tumor Necrosis Factor (GO:0071356),0.9838937707841926,0.9999942086337028,0,0,0.23917117867555185,0.0038835047694672407,CCL24
GO_Biological_Process_2023,Plasma Membrane Bounded Cell Projection Assembly (GO:0120031),0.9852066573834831,0.9999942086337028,0,0,0.4149667616334283,0.006184604596952242,P2RY12;SLC9A3R1;ACTN2;FXYD5
GO_Biological_Process_2023,Positive Regulation Of Cell Motility (GO:2000147),0.9855359611140024,0.9999942086337028,0,0,0.37284874010601987,0.0054322804310123285,CCL24;F10;DDRGK1
GO_Biological_Process_2023,Small GTPase Mediated Signal Transduction (GO:0007264),0.9857940327757548,0.9999942086337028,0,0,0.23201656900383916,0.003319655461410117,ARHGEF18
GO_Biological_Process_2023,Double-Strand Break Repair Via Homologous Recombination (GO:0000724),0.9869347910347184,0.9999942086337028,0,0,0.22747836998877222,0.002991638466141346,XRCC1
GO_Biological_Process_2023,Negative Regulation Of Intracellular Signal Transduction (GO:1902532),0.98772738583036,0.9999942086337028,0,0,0.36305681798086614,0.004483223302478315,SLC9A3R1;CCDC22;HLA-G
GO_Biological_Process_2023,Gene Expression (GO:0010467),0.9882836744351484,0.9999942086337028,0,0,0.43320644701329125,0.005105555695334838,EXOSC5;EXOSC4;RPLP0;MRPS18A;MRPL24
GO_Biological_Process_2023,Positive Regulation Of Gene Expression (GO:0010628),0.9884760534215099,0.9999942086337028,0,0,0.4999907463957211,0.005795323659161728,SMARCB1;DDRGK1;NOS1AP;PCIF1;TLR9;CD3E;MT3;LGALS9B
GO_Biological_Process_2023,Circulatory System Development (GO:0072359),0.9889491945925962,0.9999942086337028,0,0,0.2189109288575243,0.0024326081094374103,BORCS8-MEF2B
GO_Biological_Process_2023,Negative Regulation Of Cell Growth (GO:0030308),0.9889491945925962,0.9999942086337028,0,0,0.2189109288575243,0.0024326081094374103,MT3
GO_Biological_Process_2023,Receptor-Mediated Endocytosis (GO:0006898),0.9889491945925962,0.9999942086337028,0,0,0.2189109288575243,0.0024326081094374103,RABEPK
GO_Biological_Process_2023,Regulation Of Small GTPase Mediated Signal Transduction (GO:0051056),0.9894023261435686,0.9999942086337028,0,0,0.21686822877299067,0.002310563799591893,SQSTM1
GO_Biological_Process_2023,Positive Regulation Of Cell Migration (GO:0030335),0.98943215391621,0.9999942086337028,0,0,0.3953063885267275,0.0041997676122816725,CCL24;F10;DDRGK1;MADCAM1
GO_Biological_Process_2023,Cytosolic Transport (GO:0016482),0.9898369028609666,0.9999942086337028,0,0,0.21486300942395306,0.0021948458405937933,RAB43
GO_Biological_Process_2023,Golgi Organization (GO:0007030),0.9906533951163858,0.9999942086337028,0,0,0.21096096096096095,0.001981041242463461,RAB43
GO_Biological_Process_2023,Negative Regulation Of Cellular Biosynthetic Process (GO:0031327),0.9906533951163858,0.9999942086337028,0,0,0.21096096096096095,0.001981041242463461,PCIF1
GO_Biological_Process_2023,Negative Regulation Of Transcription By RNA Polymerase II (GO:0000122),0.9907220992513499,0.9999942086337028,0,0,0.5763888085012792,0.005372640288917202,ZNF582;ZGPAT;LIN37;ZBTB16;NR1H2;USP2;ZNF20;RITA1;ZNF79;ZNF749;HSF1;ZNF425;APBB1;MAP2K5;ZNF596
GO_Biological_Process_2023,Organelle Organization (GO:0006996),0.9912220400225337,0.9999942086337028,0,0,0.4663151468604457,0.004111366918961284,RAB43;BSCL2;PEX16;CCL24;SLC9A3R1;PHB2;PEX14
GO_Biological_Process_2023,Cytokine-Mediated Signaling Pathway (GO:0019221),0.9914817606312376,0.9999942086337028,0,0,0.34320417586829954,0.002936018003722391,CCL24;TFF2;MT3
GO_Biological_Process_2023,Negative Regulation Of Cell Motility (GO:2000146),0.9917569556876187,0.9999942086337028,0,0,0.20536460198114334,0.0016998451286215402,ALOX15B
GO_Biological_Process_2023,Response To Cytokine (GO:0034097),0.9920950922791526,0.9999942086337028,0,0,0.20356403430937592,0.0016155487343913239,TIMP4
GO_Biological_Process_2023,Regulation Of Macromolecule Metabolic Process (GO:0060255),0.9930286283210286,0.9999942086337028,0,0,0.1983454398708636,0.0013875820968205059,CDK3
GO_Biological_Process_2023,Brain Development (GO:0007420),0.9933146615382707,0.9999942086337028,0,0,0.19666438003772937,0.0013191824643126663,CDK5RAP3
GO_Biological_Process_2023,Regulation Of Cell Cycle Process (GO:0010564),0.9933146615382707,0.9999942086337028,0,0,0.19666438003772937,0.0013191824643126663,SMARCB1
GO_Biological_Process_2023,Protein Glycosylation (GO:0006486),0.9941043305481867,0.9999942086337028,0,0,0.1917865506858481,0.0011340564136251995,GALNT4
GO_Biological_Process_2023,Regulation Of Cell Cycle (GO:0051726),0.9943427833563754,0.9999942086337028,0,0,0.3638888888888889,0.0020644433016728534,RNF167;PES1;ALOX15B;CDK5RAP3
GO_Biological_Process_2023,Regulation Of Nucleic Acid-Templated Transcription (GO:1903506),0.9944543937162171,0.9999942086337028,0,0,0.4440970461758023,0.002469641546561207,GPI;ZNF460;ZNF718;SRCAP;RALY;APBB1;PQBP1
GO_Biological_Process_2023,Positive Regulation Of Transferase Activity (GO:0051347),0.9945783063200063,0.9999942086337028,0,0,0.18866578889620364,0.0010256710717540952,CHRNA7
GO_Biological_Process_2023,Positive Regulation Of Cell Differentiation (GO:0045597),0.9946842871181639,0.9999942086337028,0,0,0.3208347684503867,0.00171001452207122,SMARCB1;ZBTB16;ALOX15B
GO_Biological_Process_2023,Heart Development (GO:0007507),0.9950142181996053,0.9999942086337028,0,0,0.18564409890940503,0.0009278960402332762,BORCS8-MEF2B
GO_Biological_Process_2023,Positive Regulation Of Programmed Cell Death (GO:0043068),0.9950334393786429,0.9999942086337028,0,0,0.3178715482469749,0.0015826617683420954,CLIP3;APBB1;SQSTM1
GO_Biological_Process_2023,Proteolysis (GO:0006508),0.9950334393786429,0.9999942086337028,0,0,0.3178715482469749,0.0015826617683420954,PSMA6;TPSD1;NAPSA
GO_Biological_Process_2023,Protein Modification By Small Protein Conjugation (GO:0032446),0.9954488871239197,0.9999942086337028,0,0,0.3862410685841715,0.0017618389123505063,VCP;DDRGK1;URM1;UBE2L6;CDK5RAP3
GO_Biological_Process_2023,Regulation Of Translation (GO:0006417),0.9954705348095387,0.9999942086337028,0,0,0.2607901173469873,0.001183923056392029,MTG1;PCIF1
GO_Biological_Process_2023,Cilium Organization (GO:0044782),0.9954705348095387,0.9999942086337028,0,0,0.2607901173469873,0.001183923056392029,RRP7A;SLC9A3R1
GO_Biological_Process_2023,Extracellular Matrix Organization (GO:0030198),0.9956033248666328,0.9999942086337028,0,0,0.18128724357960238,0.0007988184781628795,COL9A3
GO_Biological_Process_2023,Transmembrane Receptor Protein Tyrosine Kinase Signaling Pathway (GO:0007169),0.9956662227540575,0.9999942086337028,0,0,0.3121038517796197,0.0013555279755566507,GDF15;CD3E;GFRA2
GO_Biological_Process_2023,Ras Protein Signal Transduction (GO:0007265),0.9957838135517572,0.9999942086337028,0,0,0.17987964416535845,0.0007600094169683781,RTKN
GO_Biological_Process_2023,Positive Regulation Of Protein Kinase Activity (GO:0045860),0.9957838135517572,0.9999942086337028,0,0,0.17987964416535845,0.0007600094169683781,PIH1D1
GO_Biological_Process_2023,Positive Regulation Of Developmental Process (GO:0051094),0.9966367141764232,0.9999942086337028,0,0,0.24948756024014065,0.0008405122095503423,SMARCB1;ZBTB16
GO_Biological_Process_2023,Negative Regulation Of Cell Migration (GO:0030336),0.9971090049357788,0.9999942086337028,0,0,0.16812264474134977,0.0004867456652923126,ALOX15B
GO_Biological_Process_2023,Peptidyl-Serine Phosphorylation (GO:0018105),0.9973415722693484,0.9999942086337028,0,0,0.16571380325179716,0.0004411247792296023,GPI
GO_Biological_Process_2023,Positive Regulation Of Apoptotic Process (GO:0043065),0.9975003325885251,0.9999942086337028,0,0,0.2909556313993174,0.0007282028220716624,CLIP3;APBB1;SQSTM1
GO_Biological_Process_2023,Negative Regulation Of Gene Expression (GO:0010629),0.9975452118073401,0.9999942086337028,0,0,0.3297084318360914,0.0008103594032738427,DDRGK1;PCIF1;CD3E;ZNF410
GO_Biological_Process_2023,Peptidyl-Serine Modification (GO:0018209),0.9975554403914578,0.9999942086337028,0,0,0.1633723419437705,0.00039986237134061105,GALNT4
GO_Biological_Process_2023,Regulation Of Cell Growth (GO:0001558),0.9975982151385875,0.9999942086337028,0,0,0.23787504780447102,0.000572011888777024,EXOSC4;MT3
GO_Biological_Process_2023,Negative Regulation Of Cellular Process (GO:0048523),0.9976960280117356,0.9999942086337028,0,0,0.42761345613400487,0.0009863461184722272,RNF167;SLC9A3R1;APOBEC3F;NR1H2;LDOC1;ALOX15B;MT3;APOBEC3B
GO_Biological_Process_2023,Regulation Of Cell Population Proliferation (GO:0042127),0.9978499351489782,0.9999942086337028,0,0,0.4960793782192789,0.0010677511132693787,CHRNA7;TNFSF13;TBC1D8;FLT3LG;LDOC1;S100B;ALOX15B;ACER2;FOSL1;SLC9A3R1;EPGN;DDRGK1;WNT1
GO_Biological_Process_2023,Positive Regulation Of GTPase Activity (GO:0043547),0.9978540500786672,0.9999942086337028,0,0,0.23423762766130482,0.0005032023354746809,CCL24;TBC1D8
GO_Biological_Process_2023,Proteasomal Protein Catabolic Process (GO:0010498),0.9980094871348026,0.9999942086337028,0,0,0.231873002957953,0.00046200616278165295,PSMA6;VCP
GO_Biological_Process_2023,Chromatin Remodeling (GO:0006338),0.9981538136400577,0.9999942086337028,0,0,0.229554971844815,0.0004241929480906338,SMARCB1;PIH1D1
GO_Biological_Process_2023,Positive Regulation Of Hydrolase Activity (GO:0051345),0.9985221216567683,0.9999942086337028,0,0,0.15059249506254113,0.00022272200568822996,CCL24
GO_Biological_Process_2023,Regulation Of Intracellular Signal Transduction (GO:1902531),0.9987118552469262,0.9999942086337028,0,0,0.2692358374952232,0.00034703829720788036,USP2;LIME1;SQSTM1
GO_Biological_Process_2023,Protein Ubiquitination (GO:0016567),0.9990655118732746,0.9999942086337028,0,0,0.3290395392278954,0.0003076273020594927,RNF31;RNF167;VCP;UBE2L6;TRIM34
GO_Biological_Process_2023,Negative Regulation Of Cell Population Proliferation (GO:0008285),0.9991174681974359,0.9999942086337028,0,0,0.29637639605690724,0.0002616770812143562,SLC9A3R1;LDOC1;ALOX15B;EMD
GO_Biological_Process_2023,Negative Regulation Of Nucleic Acid-Templated Transcription (GO:1903507),0.9991479244934723,0.9999942086337028,0,0,0.35226510870606265,0.0003002844216088316,ZGPAT;NR1H2;ZBTB16;ZNF425;PHB2;PEX14
GO_Biological_Process_2023,Organelle Assembly (GO:0070925),0.9992140251815927,0.9999942086337028,0,0,0.25516633537111355,0.00020063317074952517,RAB43;MAP1LC3B2;GABARAP
GO_Biological_Process_2023,Positive Regulation Of Nucleic Acid-Templated Transcription (GO:1903508),0.9992922099899706,0.9999942086337028,0,0,0.3885859226379201,0.00027513461433707395,PHF5A;NR1H2;ZBTB16;NME2;GPATCH3;APBB1;WNT1;MT3
GO_Biological_Process_2023,Regulation Of Cell Migration (GO:0030334),0.999298760253658,0.9999942086337028,0,0,0.32062288923462223,0.00022491238148869734,CCL24;F10;DDRGK1;TMSB4Y;ALOX15B
GO_Biological_Process_2023,Positive Regulation Of Transcription By RNA Polymerase II (GO:0045944),0.9993890181739049,0.9999942086337028,0,0,0.48610088833955956,0.00029708957583468506,BORCS8-MEF2B;SMARCB1;NR1H2;NME2;MED27;GTF2F1;ELL3;PAGR1;MYDGF;DDRGK1;HSF1;TLR9;APBB1;SQSTM1;ZNF410;MAP2K5
GO_Biological_Process_2023,Supramolecular Fiber Organization (GO:0097435),0.9994915756137144,0.9999942086337028,0,0,0.19613424478324312,9.974479152489928e-05,CST3;CLIP3
GO_Biological_Process_2023,Cellular Response To Cytokine Stimulus (GO:0071345),0.9995956011347842,0.9999942086337028,0,0,0.19120729663981603,7.733965287026765e-05,CCL24;ALOX15
GO_Biological_Process_2023,Regulation Of GTPase Activity (GO:0043087),0.9996587095666094,0.9999942086337028,0,0,0.12253848907984247,4.1828352259403714e-05,CCL24
GO_Biological_Process_2023,Negative Regulation Of DNA-templated Transcription (GO:0045892),0.9997627524129697,0.9999942086337028,0,0,0.4696955586786095,0.00011144735876661092,ZNF582;ZGPAT;LIN37;ZBTB16;NR1H2;USP2;ZNF20;RITA1;ZNF79;PHB2;PEX14;ZNF749;HSF1;ZNF425;APBB1;MAP2K5;ZNF596
GO_Biological_Process_2023,Positive Regulation Of DNA-templated Transcription (GO:0045893),0.9998618337704295,0.9999942086337028,0,0,0.49389345070189117,6.824411051734824e-05,BORCS8-MEF2B;SMARCB1;ZBTB16;NR1H2;RASL11A;NME2;GPATCH3;GTF2F1;MT3;ELL3;FOSL1;PAGR1;MYDGF;PHF5A;DDRGK1;HSF1;TLR9;APBB1;WNT1;SQSTM1;ZNF410;MAP2K5
GO_Biological_Process_2023,Protein Modification Process (GO:0036211),0.999899335417288,0.9999942086337028,0,0,0.3712598987243977,3.737460396379535e-05,FN3K;GPI;PPP5C;CDK3;MAN2B1;UBE2L6;RCE1;CHST5;LCMT1;TIMM50
GO_Biological_Process_2023,Proteasome-Mediated Ubiquitin-Dependent Protein Catabolic Process (GO:0043161),0.9999367717927206,0.9999942086337028,0,0,0.1585493920795314,1.0025110764664838e-05,PSMA6;VCP
GO_Biological_Process_2023,Phosphorylation (GO:0016310),0.9999807491135299,0.9999942086337028,0,0,0.18187533680617926,3.501295162201237e-06,GNPTG;GPI;CDK3
GO_Biological_Process_2023,Regulation Of Transcription By RNA Polymerase II (GO:0006357),0.999981223664142,0.9999942086337028,0,0,0.5141077043371209,9.653149549494952e-06,SMARCB1;SRCAP;LIN37;ZNF20;AATF;PAGR1;MYDGF;ZNF749;DDRGK1;HSF1;ZNF425;APBB1;ZNF763;ZNF564;MAP2K5;BORCS8-MEF2B;ZNF582;ZGPAT;SP110;ZBTB16;NR1H2;USP2;NME2;RITA1;ZNF79;MED27;GTF2F1;LIME1;ELL3;ZBTB9;FOSL1;TLR9;SQSTM1;ZNF410;ZNF596
GO_Biological_Process_2023,Regulation Of Gene Expression (GO:0010468),0.9999909097825667,0.9999942086337028,0,0,0.3632070203430395,3.3016457945950396e-06,GPI;ZNF460;SRCAP;CD3E;MT3;LGALS9B;PQBP1;ZNF718;DDRGK1;CDK3;NOS1AP;TLR9;APBB1;ZNF410
GO_Biological_Process_2023,Regulation Of DNA-templated Transcription (GO:0006355),0.9999941151559456,0.9999942086337028,0,0,0.4175404918438974,2.45716791092817e-06,GPI;SMARCB1;SRCAP;GPATCH3;PHB2;PQBP1;HSF1;ZNF425;APBB1;WNT1;ZNF763;ZNF564;ZGPAT;ZNF460;SP110;ZBTB16;NR1H2;NME2;MED27;LIME1;MT3;PEX14;ZBTB9;FOSL1;PHF5A;ZNF718;POLR3C;ZNF410
GO_Biological_Process_2023,Protein Phosphorylation (GO:0006468),0.9999942086337028,0.9999942086337028,0,0,0.1574847119282105,9.120542940068303e-07,GPI;CDK3;TLR9
